200 10
107 78 33 85 56 83 36 34 55 67 88 84 70 80 61 54 28 16 91 30 77 42 68 49 51 72 72 66 79 34 59 62 57 42 105 57 10 56 54 46 34 62 7 80 78 38 28 75 60 61 94 13 67 28 110 98 53 42 86 34 66 80 59 52 77 89 67 43 84 26 45 91 45 83 57 76 56 96 93 81 108 18 86 11 91 78 39 40 39 41 16 21 83 43 54 47 29 58 57 13 67 102 37 64 70 75 64 45 47 65 75 72 58 78 91 93 20 57 34 61 44 67 34 18 33 67 33 42 50 48 63 11 92 67 31 32 34 15 46 29 30 60 97 28 9 33 44 38 54 23 20 29 72 92 91 66 66 99 56 43 43 84 107 83 61 16 71 63 94 35 40 50 92 79 41 55 83 38 73 87 82 91 83 77 50 77 74 91 40 92 12 72 49 61 110 98 18 77 93 88
81 73 32 105 35 63 18 47 52 64 88 79 83 74 87 36 34 17 97 34 79 39 92 28 43 64 73 70 84 34 67 67 38 35 81 36 36 54 65 61 15 69 9 92 73 29 36 45 59 61 88 38 65 19 100 99 46 42 75 39 73 82 70 75 64 81 91 39 91 39 56 69 27 95 60 80 76 83 90 107 81 43 79 10 105 88 39 19 12 42 23 25 71 40 60 41 23 52 46 15 80 87 38 58 68 63 75 65 73 69 69 68 62 71 104 78 32 71 34 78 46 51 38 14 40 74 38 26 73 49 45 36 86 91 26 50 45 12 57 24 40 41 100 30 35 49 50 18 43 14 31 32 99 93 66 81 82 109 45 28 49 102 104 93 69 30 76 57 92 44 33 45 104 64 57 58 95 25 72 72 71 87 71 93 35 78 53 102 17 81 39 77 40 77 96 92 23 79 73 72
82 78 30 101 47 72 17 63 39 68 93 75 84 62 78 35 48 25 81 32 97 40 72 55 49 70 72 54 62 33 71 67 40 50 110 40 13 71 47 58 26 56 8 92 86 36 27 70 50 58 96 16 53 49 95 103 58 30 98 32 61 60 72 68 61 69 70 26 110 43 53 92 29 77 74 80 62 96 96 101 91 19 67 25 100 75 30 39 19 21 25 27 57 46 70 37 39 56 51 12 61 90 50 48 64 59 70 70 57 82 59 46 67 81 87 75 23 43 20 84 52 56 44 27 42 79 36 29 54 53 60 31 81 74 28 42 53 16 72 20 32 52 87 22 15 36 31 39 47 24 35 10 101 86 69 58 81 85 62 35 63 109 86 79 67 27 66 87 89 19 59 24 112 76 47 58 81 35 83 89 78 96 72 100 49 72 71 80 29 90 12 67 56 77 85 99 14 77 100 80
78 91 12 87 28 93 31 55 40 81 100 77 74 69 71 53 55 25 78 14 104 49 74 54 58 78 74 53 59 32 56 68 53 36 92 58 26 63 73 72 13 74 13 103 66 28 27 54 54 37 96 14 55 44 98 100 69 38 86 37 69 75 81 60 71 71 69 35 109 30 42 81 20 91 74 68 67 101 99 85 90 26 95 9 112 73 48 26 37 27 32 15 81 55 73 53 37 58 44 11 59 86 43 65 61 60 64 67 73 71 79 73 55 88 102 80 38 43 20 78 49 70 41 30 61 81 28 37 64 55 64 24 64 72 13 45 37 30 56 23 54 51 110 28 31 44 40 13 56 21 17 23 80 81 67 79 92 85 65 33 43 106 96 98 60 21 63 59 87 40 47 32 95 57 60 66 83 31 82 71 81 82 84 100 37 86 52 97 41 100 31 67 48 73 103 94 43 64 76 87
102 90 7 95 55 93 29 63 50 82 101 104 61 68 87 35 36 12 91 37 78 50 64 52 35 91 88 66 57 49 51 55 53 50 108 43 11 71 71 71 19 54 16 99 90 40 20 67 57 39 80 14 50 30 83 108 63 44 94 43 59 70 60 51 83 76 91 39 87 18 29 69 37 85 76 72 66 90 84 103 92 43 88 7 102 69 40 43 12 31 28 32 65 44 78 55 24 60 61 19 75 82 38 63 66 66 81 51 57 87 57 71 54 78 100 79 46 67 36 85 42 69 26 25 41 71 40 41 66 50 48 21 75 68 11 54 34 21 45 41 43 50 86 12 29 36 24 13 62 8 32 6 84 82 94 88 89 113 66 35 68 113 89 75 70 11 72 66 104 43 54 27 105 67 68 63 102 34 73 92 88 82 83 88 35 96 67 101 46 76 34 72 38 65 91 87 33 72 82 99
93 99 30 91 54 82 30 62 58 80 86 104 82 74 59 37 29 22 95 14 87 47 75 53 35 82 74 64 69 31 69 51 39 24 86 39 22 78 44 70 30 54 15 85 95 52 42 65 42 52 83 33 55 32 93 106 41 34 73 38 53 78 63 78 88 87 95 44 113 44 47 92 32 84 56 63 68 99 84 79 89 19 81 23 98 66 50 41 31 29 27 31 58 65 67 55 46 59 55 16 76 107 45 57 52 66 70 57 65 85 74 46 49 94 107 86 17 71 11 78 51 69 43 41 46 56 10 28 59 59 60 32 64 83 20 33 58 16 49 31 37 44 107 28 29 42 23 35 52 9 39 29 95 99 89 58 71 87 71 49 61 87 90 81 51 9 77 63 92 34 62 31 97 52 52 74 95 46 55 94 76 108 62 102 36 75 51 80 25 95 34 76 40 57 108 78 37 66 92 86
104 79 20 93 30 76 35 42 50 57 98 100 82 76 74 30 43 14 93 34 75 52 81 55 61 65 80 62 59 47 77 68 68 27 98 56 27 76 52 58 23 47 31 97 90 43 19 72 51 36 90 27 60 45 95 95 53 42 95 43 50 75 60 60 61 90 95 33 112 34 46 86 15 81 79 75 64 91 107 105 97 34 80 23 102 64 45 24 32 37 28 23 69 43 52 55 38 35 44 18 80 82 64 66 68 76 60 56 59 74 74 61 66 95 110 92 33 54 14 79 61 80 30 38 41 81 32 39 56 45 52 24 64 92 31 30 37 19 44 35 48 43 104 26 11 34 32 27 55 23 32 34 77 102 85 59 96 87 47 32 49 104 93 94 57 8 73 85 85 16 36 29 95 65 41 74 99 28 59 71 70 83 64 81 33 99 57 104 45 94 15 69 41 75 102 80 26 89 73 84
86 71 29 91 43 72 38 62 48 71 101 104 70 61 60 56 39 11 83 41 90 40 68 44 44 69 78 50 55 55 57 42 66 27 102 60 25 69 67 76 28 63 8 97 82 41 32 50 68 40 90 16 79 31 112 105 53 29 80 45 70 62 82 63 63 75 92 24 103 17 33 86 26 101 53 68 62 102 98 78 86 37 74 12 101 75 39 24 28 40 9 23 64 49 57 57 51 44 53 37 71 107 39 50 77 79 68 45 71 80 56 60 48 83 102 103 31 66 32 73 37 76 42 11 41 61 14 24 51 49 55 34 84 79 38 50 50 29 56 22 36 61 86 24 23 50 31 16 60 25 18 35 100 79 71 64 70 114 62 28 69 110 91 92 76 32 79 67 108 28 58 52 106 59 64 82 100 39 83 69 79 82 82 79 39 86 50 98 35 104 14 62 60 69 94 100 20 89 90 91
89 73 29 107 51 78 22 44 56 66 96 91 76 67 76 31 29 21 80 32 80 30 77 35 34 85 84 68 66 51 76 64 50 39 97 50 7 73 70 65 22 67 21 86 95 40 29 60 57 55 95 32 64 19 93 109 41 27 72 48 55 85 76 53 62 74 88 23 100 32 34 80 32 100 75 61 67 88 86 85 90 37 75 20 94 87 31 24 40 20 33 30 64 43 54 58 47 35 44 28 75 89 43 63 70 69 56 74 68 70 57 76 48 85 95 105 43 64 29 82 38 67 21 29 37 63 15 42 64 47 65 28 83 67 37 34 48 22 43 41 35 37 99 25 36 60 40 18 53 10 19 26 84 87 93 85 68 101 54 49 56 85 105 73 61 12 66 85 105 15 48 23 106 64 57 75 94 47 56 71 82 87 70 86 22 84 65 104 30 89 42 68 44 67 97 85 41 85 95 93
94 84 33 80 54 90 45 55 51 70 87 87 60 56 60 37 41 33 96 17 75 36 80 54 63 78 86 71 84 60 58 45 42 37 87 39 10 59 58 48 29 55 34 102 92 45 36 54 44 60 84 13 51 46 84 101 66 25 94 39 72 85 71 67 85 90 80 42 83 20 50 75 22 98 76 54 57 90 107 81 92 45 68 13 91 78 54 47 33 35 22 33 75 40 56 46 27 41 62 22 80 106 51 61 58 72 79 70 58 68 76 66 63 72 92 104 34 56 30 77 43 71 20 19 42 68 30 16 61 60 41 17 71 80 22 46 38 9 56 31 35 54 82 16 12 31 24 13 50 27 37 23 84 107 83 82 82 102 71 31 55 87 108 102 46 15 71 73 105 16 34 28 96 58 41 70 101 28 77 80 92 93 59 85 38 86 66 92 35 87 38 83 48 73 103 79 27 78 79 95
