30 20
55 90 58 20 77 31 53 34 98 48 59 66 87 42 56 41 60 58 36 49 81 66 91 24 84 28 99 36 52 66
45 84 53 31 79 25 29 36 91 30 46 70 83 46 40 42 60 67 28 49 61 58 79 45 78 34 83 33 30 80
67 104 59 46 89 35 50 38 82 21 71 61 83 54 40 52 70 70 12 25 68 60 94 24 86 54 92 8 42 84
73 93 38 20 80 36 24 45 105 50 53 71 72 41 55 50 68 63 28 38 64 70 91 40 75 51 72 35 36 66
73 92 39 33 83 16 49 44 102 41 61 51 70 50 61 64 69 68 41 29 54 56 76 39 84 51 81 25 53 69
49 104 32 26 86 35 37 40 82 33 55 75 70 51 48 58 88 60 16 29 65 78 89 42 77 52 81 36 26 88
70 104 38 31 64 39 24 20 89 48 66 50 66 51 48 48 80 43 12 21 67 79 98 42 81 44 70 26 38 70
45 83 53 39 67 17 40 44 104 41 60 50 85 51 47 55 58 46 37 46 82 68 91 41 70 54 70 37 29 73
67 95 57 47 79 30 42 28 90 31 66 73 78 51 36 49 72 70 17 47 78 71 96 42 82 56 95 20 35 67
70 100 49 37 65 17 34 35 92 23 42 51 84 67 46 40 84 51 13 38 69 80 81 47 64 30 91 20 55 63
62 91 54 24 90 42 45 38 103 42 57 68 89 69 61 46 72 63 12 38 56 69 83 32 70 45 84 9 31 62
61 99 49 33 72 17 47 29 83 43 42 49 78 54 36 43 70 66 33 42 71 62 86 45 76 55 71 24 32 73
67 94 49 47 76 28 31 34 81 24 54 59 77 61 61 49 61 62 38 44 71 73 77 37 69 27 98 22 39 59
67 103 36 23 74 32 54 39 88 33 45 78 69 69 48 59 74 62 22 39 61 63 81 44 94 33 71 16 53 81
68 84 35 36 80 35 49 45 105 31 68 70 69 67 56 39 72 59 32 22 62 57 84 49 64 31 96 16 36 74
58 76 35 21 67 23 53 40 99 46 62 64 62 42 63 42 69 51 42 42 57 64 77 27 79 30 72 27 48 65
70 88 52 31 73 41 33 17 85 26 57 64 80 46 37 47 84 46 19 39 81 72 82 26 73 30 97 19 39 88
58 84 30 21 60 27 28 22 78 41 49 71 74 67 60 43 66 68 41 48 56 56 76 47 88 52 79 12 31 80
72 95 59 45 63 14 44 34 105 32 71 59 69 66 48 65 77 69 36 47 81 52 80 45 94 52 97 37 38 63
73 93 48 44 74 14 47 20 84 27 70 49 77 60 60 37 59 43 38 41 69 53 98 21 71 42 75 34 37 75
