200 20
41 26 74 88 33 92 33 67 34 45 39 43 43 68 84 8 92 84 65 56 12 33 89 62 54 57 47 93 31 101 53 90 44 70 94 39 18 85 81 41 30 101 91 35 97 69 81 29 26 75 61 33 16 78 26 65 24 26 7 24 62 22 28 71 37 13 63 81 22 69 52 29 82 57 56 41 22 35 91 73 44 38 62 36 39 73 75 61 49 30 43 34 22 48 49 96 29 76 65 65 28 65 43 41 29 84 105 45 38 27 99 79 74 25 37 80 109 84 63 56 58 72 36 34 45 109 83 61 26 49 44 69 40 54 81 101 75 82 84 66 54 55 98 22 93 80 80 21 58 59 42 29 27 59 77 32 106 47 51 101 30 79 69 28 90 84 97 80 21 24 81 106 71 69 79 94 60 110 80 92 68 42 33 33 40 73 48 44 54 90 95 46 35 16 55 78 86 26 34 92
37 33 58 82 24 85 45 47 23 29 40 37 22 74 86 25 87 63 48 68 6 10 78 72 60 49 54 86 28 75 53 87 34 73 101 9 34 84 62 40 45 100 91 49 94 96 84 17 27 85 64 28 31 70 30 62 20 27 28 33 40 32 38 56 11 33 58 90 33 63 51 22 108 78 55 24 21 43 74 72 60 49 70 43 39 71 80 51 68 27 64 49 23 53 51 81 32 75 69 73 41 86 42 52 39 77 92 61 55 31 94 69 44 33 36 58 111 83 68 66 35 73 47 32 44 102 101 75 40 62 45 67 27 41 85 79 90 97 109 59 57 67 84 32 88 82 88 29 80 68 56 38 34 68 75 35 98 44 69 89 41 64 99 29 86 80 81 70 31 17 78 110 66 76 73 100 40 84 89 81 60 41 37 30 58 91 33 51 62 88 73 27 31 27 40 77 84 18 34 101
49 19 81 92 26 70 34 76 25 41 53 23 41 55 98 15 101 62 58 54 23 13 69 53 44 50 60 100 36 93 65 96 30 67 113 33 42 86 79 45 56 73 102 31 97 97 85 13 47 77 40 20 35 87 36 75 49 39 32 28 42 18 29 56 10 15 43 98 21 44 25 29 90 72 75 37 36 38 85 75 48 52 64 52 55 82 68 46 41 49 41 30 34 40 43 83 40 82 84 56 30 87 47 57 21 77 93 55 56 25 91 56 71 26 21 70 109 64 54 56 58 60 40 31 69 106 111 66 18 50 45 73 15 36 95 103 76 88 106 65 76 49 100 24 98 72 94 27 66 68 44 34 39 71 67 34 102 38 48 103 24 78 91 47 100 96 94 89 47 32 72 104 64 90 82 97 57 112 86 67 53 36 46 22 59 91 42 52 50 71 92 40 32 30 65 75 71 35 54 86
62 22 70 93 23 85 39 49 9 47 49 25 29 66 95 11 77 62 45 61 24 25 63 77 61 75 63 103 21 104 56 103 44 63 113 12 28 75 77 37 54 77 103 30 78 68 87 17 54 80 45 40 41 80 25 72 42 26 32 18 68 22 35 43 18 32 34 87 24 46 48 23 107 69 66 46 35 33 80 73 52 62 62 39 55 71 90 45 59 34 54 42 21 32 32 80 44 94 61 45 32 61 49 55 36 86 97 62 40 27 78 83 58 8 16 84 84 73 57 70 51 64 35 15 63 98 94 61 39 66 46 70 18 64 87 77 89 84 95 65 74 66 92 45 100 80 77 41 71 67 34 11 27 48 92 44 104 39 78 84 31 85 96 43 92 95 76 76 44 42 73 105 58 66 63 99 41 111 99 95 52 37 33 20 44 90 54 56 60 68 92 56 37 27 43 81 76 24 43 102
35 41 51 83 30 94 24 75 35 46 38 42 44 58 109 29 101 63 40 74 11 30 81 67 51 65 71 110 47 84 38 96 54 74 100 39 14 74 73 48 48 96 100 42 92 82 107 7 27 80 66 39 35 71 35 54 43 27 25 34 48 16 19 41 37 35 35 98 14 62 24 41 84 78 77 45 28 33 83 47 65 50 46 53 37 66 71 58 71 47 37 40 35 42 50 77 38 73 62 70 30 82 31 40 31 93 91 65 37 17 89 84 51 13 13 66 105 83 52 47 56 81 59 30 51 87 90 81 37 65 29 54 37 65 92 104 78 78 80 68 61 50 78 24 78 59 79 25 74 69 49 25 52 70 74 45 86 48 60 96 38 78 88 22 98 75 106 68 36 43 67 112 70 94 88 101 60 94 105 65 63 36 50 26 69 81 39 42 66 91 85 33 33 32 64 78 101 34 34 95
61 33 60 88 25 98 28 74 32 39 54 45 33 80 97 37 100 56 61 77 7 7 82 49 69 73 53 101 37 76 58 93 35 50 103 30 26 81 72 44 58 86 96 53 107 89 83 21 54 76 57 37 23 83 17 55 28 33 25 43 46 34 25 60 31 36 52 79 31 47 51 30 110 77 66 30 42 39 73 48 54 61 42 44 35 69 86 48 70 33 37 22 41 31 31 85 32 67 85 71 25 73 34 50 10 89 86 44 56 33 97 62 49 15 16 58 97 57 68 70 45 66 47 13 67 108 91 52 35 44 27 53 20 37 85 86 78 100 83 63 77 56 81 21 79 79 68 48 64 57 54 8 40 46 91 26 93 41 74 85 46 79 92 34 86 84 87 85 21 46 74 101 50 77 83 87 68 88 90 70 58 30 51 35 58 85 52 57 60 98 80 34 18 16 69 77 97 10 54 105
48 28 79 85 14 83 20 73 14 43 44 38 38 77 90 7 80 56 44 73 15 10 83 51 41 54 46 87 50 76 57 74 47 77 96 28 39 78 88 42 50 99 107 47 93 88 87 35 49 84 51 41 39 85 23 59 31 39 33 36 58 14 34 49 33 36 46 84 18 52 32 48 93 77 56 43 26 48 99 62 70 59 57 59 51 67 87 58 54 25 40 39 26 37 32 84 46 80 72 74 26 77 31 47 10 91 101 59 26 43 101 77 64 25 34 82 89 65 59 68 37 72 58 43 71 100 109 72 26 54 37 67 25 64 97 89 77 83 108 61 79 53 83 31 82 62 92 44 59 62 38 23 34 59 82 49 80 43 51 86 21 69 84 35 102 78 84 78 44 21 59 91 52 71 63 89 48 109 96 67 54 39 23 45 43 68 55 42 71 85 95 40 44 38 59 63 88 36 28 96
58 27 69 70 21 91 44 76 21 22 44 42 20 79 93 36 89 62 54 77 22 13 71 55 55 66 69 92 36 80 58 73 57 68 105 9 37 86 64 56 53 97 83 32 84 87 107 37 53 81 42 25 20 66 16 79 20 45 29 21 56 24 35 55 34 24 47 90 8 50 45 36 100 72 77 48 22 42 78 75 53 58 50 35 41 86 87 46 60 51 58 28 33 45 48 97 44 79 91 46 43 87 52 49 20 66 94 56 42 31 92 62 46 12 15 64 90 71 42 63 41 76 36 18 46 103 99 51 22 38 26 49 42 63 74 103 77 105 84 51 84 58 90 24 95 70 92 24 73 69 51 17 39 69 74 33 90 49 60 98 46 74 76 44 81 103 95 76 39 27 60 98 54 94 65 91 42 104 94 95 47 50 33 43 63 77 40 61 54 86 98 34 29 41 47 70 77 29 50 87
37 44 77 91 10 100 45 72 14 33 54 35 20 69 102 20 79 56 48 74 14 10 87 56 42 70 60 99 33 101 42 91 53 55 94 38 15 90 62 50 36 76 101 30 99 96 100 11 28 77 66 44 42 76 35 64 35 53 7 44 59 17 32 69 31 18 33 82 30 67 44 21 97 59 60 33 37 28 76 70 64 50 56 56 38 63 80 64 49 38 49 21 33 45 45 77 43 70 61 62 33 72 52 40 30 90 103 58 43 31 105 67 50 9 27 75 107 79 71 49 48 64 37 15 69 97 83 57 40 61 42 57 38 50 81 100 97 105 99 58 65 47 79 18 83 55 75 30 83 63 63 10 27 51 95 39 79 57 54 90 19 72 73 40 88 93 93 77 31 27 75 94 58 70 76 102 45 104 106 76 68 42 37 34 63 70 29 72 69 77 100 43 34 21 69 75 97 10 47 93
49 21 69 71 15 72 19 49 15 34 59 39 45 59 100 31 84 69 51 50 14 7 59 48 48 49 61 103 25 103 67 100 34 57 86 21 18 79 75 46 39 71 106 38 97 81 94 12 46 75 57 41 22 93 29 80 37 55 35 35 62 23 29 42 23 43 33 80 18 64 30 43 94 76 71 41 36 30 99 68 45 39 72 41 59 67 75 46 55 27 63 20 48 42 36 67 47 68 82 64 48 59 34 38 31 89 102 62 46 27 104 81 44 9 29 83 86 69 56 49 38 54 49 16 57 91 100 80 39 39 32 75 44 61 99 74 83 92 87 67 71 68 90 19 82 83 65 30 70 61 61 19 38 51 96 32 102 36 55 76 43 72 71 43 85 83 104 82 22 43 71 93 68 73 61 79 43 106 88 79 67 44 51 19 58 92 35 66 49 77 89 27 23 23 57 77 100 16 58 101
55 23 75 70 14 89 21 58 19 33 52 40 29 61 103 33 94 71 53 49 30 24 69 65 71 59 47 101 46 87 51 79 46 54 112 17 43 84 80 59 39 96 84 41 79 91 88 33 53 84 52 46 37 73 43 52 19 50 29 22 65 17 40 55 27 24 57 92 14 45 48 36 83 53 82 24 37 25 79 67 44 63 62 33 47 81 84 45 49 37 37 36 42 42 27 89 26 82 82 60 47 73 56 36 39 83 84 50 52 16 102 78 60 13 10 61 106 79 42 58 40 80 35 28 56 82 90 81 31 66 34 69 36 46 91 74 93 83 96 74 62 53 77 30 81 60 77 33 79 75 60 22 34 59 88 25 94 32 61 102 37 71 85 23 77 100 97 73 22 39 68 82 57 88 64 94 41 110 98 91 48 37 35 21 51 90 29 57 73 82 75 29 27 40 59 67 87 36 58 87
39 46 66 82 37 97 44 46 22 26 54 33 47 74 106 12 100 56 41 75 32 25 64 70 55 51 55 109 27 92 66 82 43 55 112 31 23 76 81 62 46 88 80 59 105 75 95 37 41 98 37 32 18 86 39 75 29 34 9 42 68 34 27 68 40 15 44 105 33 68 32 45 105 78 62 45 40 51 92 52 49 37 48 32 54 82 80 57 41 31 52 32 30 47 42 83 49 86 63 54 51 75 56 48 38 93 101 62 55 29 91 68 70 28 32 59 109 82 55 48 51 81 45 35 58 86 83 77 24 51 34 57 43 40 97 89 100 77 80 46 74 55 98 20 106 63 94 39 56 81 52 26 28 59 68 30 87 37 49 95 23 83 99 20 100 91 87 72 44 37 61 105 70 73 77 78 52 100 98 81 55 28 40 17 62 74 54 65 71 73 96 51 42 22 41 65 82 32 32 99
53 23 79 90 25 87 37 65 34 28 39 49 24 68 98 29 79 70 36 52 12 11 87 58 63 72 61 83 41 105 58 96 56 58 101 12 30 81 88 61 55 100 84 58 94 86 82 27 40 71 50 23 25 81 41 51 19 56 24 39 66 14 35 64 16 16 47 99 32 71 34 41 109 81 65 32 40 42 89 58 72 43 64 55 38 78 84 46 49 39 52 22 26 54 48 83 28 82 61 58 46 67 39 55 21 84 91 39 39 27 91 66 58 18 10 75 83 64 65 74 43 61 41 24 63 104 85 60 18 60 37 56 39 50 96 92 93 77 90 49 67 45 90 23 102 80 90 44 62 59 41 24 48 56 77 34 93 29 53 95 43 64 93 43 84 79 80 91 45 29 56 87 48 68 78 78 64 104 88 83 57 27 41 46 66 72 52 53 60 91 88 33 44 32 56 83 77 23 55 84
59 30 53 74 27 70 39 76 20 36 49 48 50 65 99 19 104 77 56 66 31 11 86 64 69 74 56 91 25 96 53 88 36 60 115 17 36 92 81 46 57 71 80 58 102 82 82 34 30 83 43 34 36 80 37 80 30 55 26 28 59 32 28 53 25 20 47 89 26 44 54 38 92 60 82 47 19 45 82 59 42 50 47 60 53 82 77 49 52 46 49 49 33 41 50 86 29 79 69 73 40 86 56 45 12 67 95 61 30 20 97 63 72 27 17 82 93 78 65 64 45 69 40 33 71 92 99 81 27 45 27 53 15 48 73 84 82 89 102 66 67 51 77 27 94 78 67 27 69 68 51 12 43 51 71 46 82 34 65 84 48 87 84 47 79 101 77 66 29 37 67 101 66 92 80 100 69 108 82 84 49 37 48 27 47 84 57 59 72 79 86 40 23 32 50 81 98 6 45 78
60 26 54 83 23 71 24 52 26 26 58 30 42 64 92 12 88 61 55 59 6 20 81 49 62 55 52 105 49 81 55 103 43 70 101 37 38 83 70 55 32 81 105 48 97 96 104 14 45 90 51 22 39 86 42 75 21 48 18 37 66 25 32 55 20 15 60 99 10 47 40 33 83 67 60 41 29 21 97 48 44 55 49 48 43 64 70 55 58 26 60 37 27 51 36 73 36 68 69 72 28 83 30 50 13 64 100 54 29 29 92 75 63 27 22 81 104 80 50 72 54 80 50 20 59 100 83 60 41 44 33 73 43 45 95 103 87 87 89 58 55 46 95 45 106 61 81 23 77 74 48 35 52 64 71 39 87 53 52 80 19 83 73 32 82 97 99 85 24 26 75 90 60 65 77 81 61 112 84 70 71 51 49 36 64 91 50 60 57 75 77 33 21 23 53 73 79 17 42 84
37 41 64 78 36 91 29 50 11 19 46 24 38 57 90 31 88 64 61 50 32 20 67 66 52 69 55 110 46 76 67 81 56 78 108 25 38 76 69 60 50 73 77 42 80 97 82 7 28 81 58 36 32 66 15 65 36 33 37 38 65 14 34 45 36 41 61 79 11 52 40 25 94 55 71 23 38 32 76 65 69 53 50 47 40 83 87 47 58 52 56 30 39 49 24 93 52 66 62 64 32 73 56 37 35 84 86 44 41 22 98 77 61 26 31 80 101 83 54 75 34 65 41 13 56 88 110 66 16 64 36 79 19 65 73 75 80 103 93 69 72 43 74 25 100 63 78 26 73 81 41 11 34 53 93 23 94 42 56 102 37 80 90 31 96 91 76 77 26 20 64 90 63 72 89 101 40 83 76 66 45 43 44 20 59 87 33 61 55 80 90 56 38 18 52 83 94 8 52 81
58 45 70 90 22 98 24 60 12 20 61 51 38 64 103 25 94 57 41 78 6 17 78 56 54 55 50 86 27 100 54 79 59 50 105 36 22 96 63 55 47 83 98 41 104 89 103 15 51 84 36 38 18 84 38 74 19 29 14 38 49 14 20 47 15 14 48 76 34 60 49 43 104 78 82 49 41 49 73 68 61 51 53 37 33 71 70 63 65 30 42 30 28 47 27 68 25 89 62 51 51 80 50 47 10 85 81 48 35 41 80 82 44 13 10 73 94 60 70 49 44 67 60 30 53 85 101 59 19 40 45 75 15 51 95 92 77 91 97 59 64 53 75 19 96 59 95 23 70 60 37 8 33 49 87 40 98 48 50 74 25 65 87 32 88 89 96 74 21 34 80 100 52 68 62 95 69 96 82 74 55 27 41 30 48 76 35 61 77 76 102 56 29 26 66 89 73 18 54 102
54 27 59 77 25 74 30 68 14 38 55 43 50 63 108 33 87 82 51 56 22 28 63 47 58 59 65 94 40 83 64 99 41 57 101 33 21 79 62 36 56 88 77 56 82 68 81 20 40 70 53 29 23 87 20 63 36 52 17 32 50 10 27 44 13 36 55 100 23 57 34 27 112 73 73 21 21 45 73 60 72 54 64 30 36 72 72 53 41 41 44 40 26 54 40 68 55 89 81 49 37 67 45 47 25 72 79 49 36 37 98 70 67 35 13 76 92 76 65 75 59 79 31 13 49 88 92 53 39 40 29 64 25 52 75 84 90 96 92 47 55 69 96 35 87 69 75 35 59 63 40 10 23 71 84 44 90 37 55 98 18 67 73 25 103 95 102 69 43 33 66 89 68 94 86 85 52 95 83 68 46 36 33 39 56 81 42 69 57 87 88 26 30 15 64 76 83 21 58 107
62 24 74 79 17 86 27 52 8 28 50 34 37 79 91 34 77 66 57 52 5 12 77 67 50 59 71 111 23 91 43 102 35 57 103 15 18 91 64 63 53 94 107 50 83 77 105 26 29 78 40 45 33 88 32 59 34 49 26 30 45 21 40 62 34 32 37 86 32 70 27 28 102 57 64 28 31 50 89 56 64 56 46 40 52 62 69 47 50 35 47 36 28 41 54 96 32 91 77 46 44 82 45 34 20 69 103 38 34 42 101 65 61 27 17 61 107 57 50 47 37 58 43 21 55 105 110 76 19 37 47 71 35 53 87 89 75 97 82 63 80 52 79 38 80 82 92 40 78 57 49 30 32 63 66 34 106 31 62 87 37 69 75 25 92 101 102 81 32 26 73 82 60 67 72 88 42 89 87 90 72 53 33 21 51 91 53 71 55 71 76 31 41 41 42 72 79 22 46 108
35 45 51 94 29 92 19 48 23 43 39 24 22 67 109 25 78 63 37 68 17 34 83 62 66 54 54 85 30 75 50 81 52 68 94 18 14 98 72 55 29 82 92 50 97 91 86 34 53 77 39 25 28 79 14 60 25 49 14 33 43 18 30 67 19 38 58 80 27 72 49 49 83 62 78 39 37 28 91 62 43 37 63 49 42 63 85 64 71 44 59 41 40 25 48 84 32 82 72 65 32 80 43 55 12 90 83 39 30 43 86 74 73 10 29 55 110 60 42 50 45 54 40 27 53 100 101 59 18 55 34 59 19 61 88 79 89 80 83 72 72 66 92 46 103 71 83 35 76 69 48 30 35 58 83 45 91 42 56 84 19 89 83 44 101 88 99 78 48 17 60 107 64 67 61 94 69 106 87 88 46 32 32 39 64 95 48 66 58 97 92 38 35 33 41 89 97 15 49 92
