50 20
22 13 50 17 74 49 91 23 86 50 38 87 83 23 60 105 9 63 51 92 98 99 84 66 18 89 47 41 33 47 12 85 59 83 108 95 75 64 93 84 92 81 38 21 35 64 22 22 52 57
36 35 62 46 67 56 79 38 110 56 31 89 72 22 57 112 30 88 69 108 86 91 94 51 6 70 55 56 59 54 24 86 61 87 83 101 80 58 81 79 85 88 42 29 34 53 16 22 65 61
29 19 59 35 56 46 91 52 99 59 33 91 70 22 37 89 14 66 76 111 89 99 99 53 16 88 55 41 57 62 22 77 64 81 102 81 83 67 96 88 87 94 42 42 51 61 14 22 60 59
22 18 58 46 71 70 83 43 82 58 56 91 84 32 54 102 24 68 76 96 92 75 92 76 8 81 64 50 56 49 14 94 59 93 87 75 69 57 86 78 105 83 38 25 27 65 11 34 70 56
22 37 48 45 64 47 78 30 102 60 54 102 88 26 37 113 34 68 47 103 80 81 84 76 24 80 67 33 59 58 23 86 59 102 91 89 74 64 70 70 76 70 21 32 27 51 25 7 52 68
45 39 41 28 84 54 82 46 85 51 39 99 87 46 40 114 37 80 66 93 74 92 94 76 9 94 69 55 55 41 17 80 53 85 92 85 86 68 69 85 76 85 38 19 45 65 23 26 66 66
20 15 42 44 69 46 105 32 95 57 53 97 92 44 48 110 39 70 64 104 99 72 99 65 32 92 50 46 37 55 32 74 71 87 91 77 83 57 72 83 87 91 44 39 41 51 35 15 81 79
27 27 65 45 78 58 98 30 102 47 33 80 86 40 50 84 9 64 50 87 78 91 73 74 16 94 58 54 36 57 17 99 51 85 84 99 88 58 89 64 78 69 36 28 37 41 19 12 73 70
44 32 66 23 65 52 104 40 90 32 31 104 93 46 47 100 34 86 72 91 80 81 99 51 5 82 62 35 50 69 19 77 61 102 84 85 88 54 70 76 90 91 38 35 34 69 40 32 62 59
23 14 56 22 85 51 81 31 100 31 38 93 86 42 43 88 36 82 54 83 78 97 83 76 26 90 52 28 39 51 30 84 56 98 90 102 75 66 78 86 101 91 31 30 43 41 23 13 81 54
44 34 64 22 71 73 88 49 89 52 50 84 68 28 54 106 29 70 69 91 87 91 94 68 12 75 66 32 34 61 30 94 50 106 105 99 88 67 78 90 77 88 20 32 36 47 32 20 81 80
34 41 66 30 75 46 101 42 104 43 28 79 84 38 49 103 38 88 53 83 74 91 78 65 17 82 47 33 59 63 25 78 71 80 109 79 68 81 79 87 95 86 32 40 54 59 16 26 80 78
34 16 54 22 59 48 108 28 93 61 48 89 92 26 66 101 17 68 64 101 77 99 93 69 16 70 55 42 53 68 35 78 69 101 93 98 70 52 81 77 102 71 32 26 48 44 34 35 57 63
28 28 47 42 71 53 102 33 101 40 52 100 74 26 51 111 34 70 48 87 102 87 97 53 26 96 48 31 32 48 31 86 68 84 105 100 88 76 85 62 98 72 15 23 39 42 23 30 57 83
31 39 66 39 61 62 91 49 103 38 55 98 68 32 39 109 37 81 75 86 86 98 94 74 19 85 45 51 40 52 29 91 57 81 110 83 77 67 72 61 93 73 20 15 26 47 22 30 60 78
38 38 47 23 72 53 98 51 110 60 56 89 89 49 56 101 33 82 63 90 104 96 73 71 13 73 63 51 47 47 32 103 55 103 84 87 63 77 93 64 91 95 20 32 30 48 37 25 60 61
42 12 55 46 62 67 85 41 109 50 30 106 74 50 49 96 23 64 53 86 84 89 72 49 13 73 46 38 58 40 14 80 65 90 106 101 80 60 70 62 100 91 32 34 31 68 25 6 64 68
24 14 65 31 85 56 99 41 94 40 56 98 76 24 54 107 20 63 71 109 78 83 92 61 32 80 57 44 42 56 23 100 60 85 85 97 72 60 91 87 101 73 21 32 32 52 20 23 63 75
46 36 40 18 73 49 79 41 89 37 38 100 79 28 38 87 17 64 51 100 77 99 93 63 10 99 60 52 38 61 10 92 68 79 86 79 82 59 69 78 100 96 42 15 47 68 29 26 78 64
41 35 46 31 80 52 78 41 111 43 36 93 95 32 45 111 22 67 62 95 99 95 86 77 34 95 71 47 32 64 32 100 56 92 99 88 69 70 76 64 82 73 43 38 48 45 34 14 59 61
