50 20
67 58 77 55 43 93 88 75 21 30 103 52 55 14 73 76 44 60 73 90 51 10 49 53 77 42 55 59 92 60 66 37 44 53 38 95 35 96 84 33 44 106 58 87 58 85 66 34 69 8
52 42 65 50 56 84 89 92 33 31 75 58 61 22 67 53 52 47 90 89 45 21 70 41 56 34 50 58 97 56 62 22 66 51 28 90 22 88 82 32 42 77 49 111 55 88 61 33 84 30
60 56 69 50 58 84 89 87 47 37 82 61 56 10 78 64 28 75 86 95 37 21 66 54 82 38 44 48 107 41 65 48 40 54 42 88 52 99 101 37 56 85 66 92 33 99 71 40 74 22
47 45 76 54 30 88 75 84 33 25 89 50 35 7 75 65 27 49 83 91 36 28 47 47 58 36 50 49 92 59 84 32 44 51 33 79 51 105 84 45 27 84 64 113 48 84 61 48 62 16
67 59 63 40 31 70 68 98 20 20 86 51 36 23 95 59 56 71 77 98 32 30 65 56 54 14 39 61 89 41 88 42 66 61 29 78 51 112 102 46 51 79 55 110 36 105 86 36 83 11
71 60 88 47 40 78 59 81 48 19 92 55 45 12 84 76 26 69 87 75 48 24 43 35 65 35 62 46 99 55 75 27 68 58 31 82 48 84 85 47 29 82 43 112 36 101 82 38 86 6
63 60 75 53 31 80 62 101 30 22 75 51 43 24 88 68 35 49 93 82 36 14 53 39 63 14 69 67 83 42 65 51 49 69 21 83 23 88 92 30 42 101 64 83 36 99 63 38 77 26
70 47 66 53 53 75 80 98 46 19 89 64 39 28 89 75 44 68 97 79 42 30 47 32 55 38 51 42 105 44 73 33 57 45 47 90 32 106 107 60 42 86 51 97 42 109 84 41 58 30
55 49 71 43 41 95 79 74 48 39 93 70 64 23 91 72 46 71 80 96 30 34 57 43 64 28 57 63 109 37 89 24 42 69 28 86 26 109 96 40 43 96 49 84 57 101 70 31 87 30
51 50 64 42 33 78 75 88 45 20 103 72 58 17 72 53 27 73 75 99 51 9 48 46 77 28 47 50 104 47 73 33 56 57 32 76 51 95 96 41 45 97 38 100 57 114 73 39 69 25
63 62 84 50 43 89 67 79 28 10 100 48 62 30 88 73 36 55 81 97 44 37 56 53 55 19 65 62 107 56 69 26 60 49 36 81 27 103 91 46 41 79 46 93 34 100 83 30 86 33
47 61 64 32 39 77 78 94 34 39 74 55 41 15 65 76 54 56 101 81 42 33 52 31 65 37 45 69 100 54 90 36 54 68 41 92 45 94 97 45 28 76 57 110 57 103 59 54 64 27
47 62 91 38 30 95 71 73 35 19 81 60 60 11 87 71 28 73 101 84 45 30 49 36 65 42 60 54 106 38 86 40 42 57 26 89 40 88 80 49 45 90 50 88 56 110 77 53 84 20
69 35 70 60 49 87 65 73 30 20 87 47 58 31 88 65 30 57 89 76 21 13 63 34 53 15 49 66 91 54 86 28 57 48 45 92 31 97 85 39 52 85 53 87 41 91 61 36 64 35
64 46 80 58 47 77 60 88 47 32 76 62 53 9 80 63 33 56 83 91 48 35 69 33 55 16 64 66 90 40 70 48 49 66 37 68 34 100 101 48 55 78 60 92 55 96 77 52 63 10
65 46 74 34 46 94 73 94 42 20 80 55 57 25 82 82 37 62 94 86 34 13 70 54 65 35 51 64 99 57 67 47 65 75 26 83 30 89 83 36 54 100 48 93 58 110 61 52 67 34
49 37 92 49 41 87 85 89 21 16 74 53 38 29 72 77 53 72 85 91 21 24 70 40 66 29 47 60 109 38 68 37 63 53 24 84 28 94 105 31 40 89 41 102 57 91 59 43 81 15
60 38 79 53 40 87 66 95 45 40 96 44 42 23 90 75 41 56 91 75 26 15 61 43 54 31 46 69 99 53 60 50 68 48 50 89 46 97 101 36 47 106 52 99 47 103 71 33 64 5
56 54 80 59 56 77 77 93 20 21 89 47 47 22 69 77 47 74 99 74 47 10 64 58 68 39 43 47 88 39 89 42 50 55 44 71 37 88 87 43 47 81 58 93 49 96 81 44 82 5
73 58 63 37 52 88 59 82 29 11 92 72 40 7 93 75 54 49 76 79 21 19 62 33 66 39 49 66 95 58 67 40 51 67 48 83 26 91 101 59 44 79 59 92 47 93 59 40 78 33
