50 10
92 38 26 50 28 43 57 24 39 75 71 82 97 54 41 55 59 62 64 104 27 74 56 81 95 60 84 89 35 31 21 47 113 107 58 66 39 91 23 44 65 84 45 103 66 66 55 101 76 21
99 35 29 46 27 54 53 15 38 86 62 92 103 45 47 78 62 61 65 89 26 85 80 78 87 54 78 106 59 13 35 35 84 91 69 84 62 85 26 47 64 101 46 79 80 78 59 98 59 26
93 37 52 23 13 31 46 10 42 71 63 82 96 58 40 67 75 53 75 106 52 67 71 84 87 58 82 107 48 40 29 31 92 100 64 87 52 93 41 39 70 109 49 83 72 67 62 80 83 10
81 64 46 49 17 38 54 18 24 86 56 105 93 64 51 56 71 43 79 87 25 88 80 75 98 69 60 92 49 12 17 28 107 95 72 61 58 74 25 27 69 109 32 83 91 74 62 100 57 26
73 50 44 45 17 33 59 19 20 84 68 85 102 53 37 81 87 42 84 112 44 88 81 80 96 60 62 91 36 39 32 40 94 111 66 84 69 77 22 25 64 89 26 100 78 73 83 90 57 14
78 37 45 35 10 55 47 28 25 79 49 97 83 42 45 64 59 50 86 109 34 73 57 77 99 70 75 105 48 24 35 27 96 109 59 58 67 66 33 23 73 92 51 92 91 77 75 104 68 27
83 47 33 47 34 44 44 36 46 73 74 101 96 36 34 74 75 46 72 92 35 75 59 68 96 63 70 96 36 16 31 42 105 104 71 76 69 82 34 40 81 109 37 93 93 71 56 84 55 19
99 63 32 42 40 52 51 27 50 83 57 89 83 44 56 67 86 51 84 90 30 66 66 75 84 45 80 93 37 28 19 24 93 111 71 67 60 79 24 40 83 99 32 83 76 83 72 97 79 18
82 47 44 46 36 46 54 25 28 79 70 89 102 56 61 69 85 43 83 105 52 89 71 85 103 59 66 103 62 24 40 41 101 95 78 76 42 74 38 19 81 110 44 88 82 77 81 87 78 29
74 39 24 46 28 48 57 26 31 86 64 90 85 62 45 73 67 50 63 104 31 70 73 70 106 70 78 87 44 20 40 42 97 100 68 75 61 86 36 31 70 84 30 98 63 69 70 88 81 37
