200 20
92 111 80 42 35 76 95 63 62 46 69 33 28 49 93 26 101 86 60 33 72 18 90 62 72 102 80 91 31 50 103 58 93 34 37 60 58 62 71 81 47 50 30 83 54 57 81 29 77 73 80 12 104 75 58 18 74 36 78 41 69 49 52 43 81 57 64 38 79 24 23 69 102 81 45 57 53 38 85 75 38 38 35 43 76 98 59 38 106 25 99 17 53 32 96 90 88 58 84 85 49 69 84 41 94 27 72 70 15 78 100 28 73 15 45 12 99 45 51 87 88 65 89 49 59 34 56 23 82 31 46 110 86 72 71 55 26 43 24 80 94 38 101 41 38 42 93 96 82 94 80 68 61 85 53 55 33 42 28 89 33 74 107 86 63 38 70 49 63 53 43 39 70 69 40 54 23 17 54 99 51 22 68 84 52 88 45 53 34 26 44 92 49 71 60 93 104 84 75 65
92 100 83 48 41 82 93 60 42 44 85 36 36 67 107 21 101 100 58 33 68 38 102 62 70 97 87 102 32 57 83 54 89 44 37 55 73 54 51 59 39 51 15 88 46 59 86 17 55 65 79 19 101 75 46 40 46 44 58 34 79 55 49 20 100 71 44 49 84 17 40 55 79 81 39 47 55 68 108 78 48 34 20 57 75 94 49 31 111 28 83 40 65 27 101 94 78 57 75 73 39 40 65 39 93 27 88 73 37 82 109 26 78 13 61 36 102 56 44 110 92 50 67 51 47 40 72 43 59 52 68 112 110 86 63 36 30 24 24 100 81 42 85 48 43 60 97 82 93 87 90 63 57 89 34 42 27 35 47 101 34 82 88 94 64 34 85 46 69 29 55 34 61 66 38 60 11 18 56 86 60 18 47 102 47 107 48 52 39 35 56 94 40 85 58 66 86 63 77 43
90 110 100 67 53 70 85 75 65 49 89 32 16 65 109 13 111 88 77 29 76 29 78 51 87 109 88 87 51 63 84 53 70 46 30 50 80 62 52 82 32 33 20 92 48 66 86 22 52 81 82 40 105 79 31 48 57 60 64 51 65 61 46 38 89 64 41 38 62 22 32 55 101 58 44 51 56 60 105 60 55 46 29 47 64 92 50 36 92 53 108 26 64 37 78 110 77 63 64 83 41 67 81 36 101 49 77 78 17 86 82 19 75 37 57 13 84 30 35 109 84 72 89 36 58 49 61 17 59 52 54 110 93 74 73 61 36 32 43 72 83 32 82 35 53 40 83 88 104 88 65 67 60 85 37 35 35 53 37 107 33 75 106 75 78 31 72 49 46 50 34 56 79 77 40 45 27 26 50 99 58 10 61 106 49 106 44 54 38 16 52 96 48 64 47 77 98 66 84 64
95 86 95 46 37 86 113 60 68 63 79 16 31 48 96 7 95 101 78 26 70 21 86 62 84 102 74 86 57 64 110 61 64 40 30 66 67 72 61 58 49 48 20 89 56 59 73 33 78 77 87 11 101 61 53 43 69 33 61 44 78 72 74 31 76 49 60 48 81 20 32 72 80 72 30 53 60 63 88 64 29 43 20 45 55 85 57 33 91 39 100 14 69 43 77 83 80 64 81 90 37 62 72 39 92 47 71 81 41 88 93 33 80 15 59 38 92 50 49 81 74 66 71 24 50 26 58 32 80 45 47 96 106 80 57 39 41 22 52 84 89 30 94 41 43 45 76 92 79 84 82 61 66 97 43 56 21 27 40 83 47 87 95 95 58 33 83 57 57 50 50 57 71 74 47 66 11 35 42 100 53 38 52 107 54 88 64 68 52 38 43 89 46 86 60 78 96 83 85 52
82 101 100 63 52 81 111 78 65 61 69 15 25 50 98 7 101 107 80 32 69 36 80 66 91 85 69 89 44 75 106 73 72 31 43 68 56 49 59 60 46 30 10 82 65 55 76 27 52 89 78 19 100 84 47 19 45 58 75 48 81 65 58 43 94 55 64 32 76 37 40 81 89 74 34 41 64 68 97 59 46 41 49 36 71 82 59 42 103 54 99 35 63 27 83 91 70 62 82 98 48 57 55 38 104 54 79 86 18 73 81 41 76 24 66 13 105 53 31 99 80 73 90 43 40 49 69 24 67 56 49 86 98 69 73 45 29 15 49 97 82 48 91 34 38 58 94 72 88 79 81 66 41 102 59 38 33 47 51 83 30 99 89 99 62 24 66 54 45 27 60 41 68 73 42 45 15 33 46 105 60 27 53 87 51 99 47 59 61 24 33 85 32 94 51 87 93 71 94 52
77 88 74 46 37 89 108 77 58 69 66 27 26 55 110 8 97 95 76 24 69 32 101 54 66 95 81 110 57 50 96 74 75 47 33 52 72 44 72 66 49 59 35 93 59 70 79 34 72 91 85 39 95 79 36 24 59 33 56 24 74 54 64 39 80 65 54 41 79 38 34 66 94 70 48 36 51 49 94 61 58 53 37 35 61 102 53 39 92 26 93 17 72 33 85 107 87 74 88 93 58 54 61 41 100 49 74 71 41 87 86 28 55 34 64 37 86 38 56 101 80 61 71 36 43 42 51 44 69 43 52 100 88 79 79 38 21 38 38 93 96 46 93 54 36 32 96 71 99 65 79 66 65 101 49 58 34 43 38 97 31 95 90 95 63 16 83 63 43 33 43 63 88 88 59 68 38 27 54 83 52 25 56 93 33 78 47 38 40 35 48 72 39 67 42 92 81 74 81 66
93 94 95 59 58 98 108 67 47 44 82 41 30 68 110 7 103 105 58 33 93 41 92 63 62 109 74 94 48 60 110 64 90 23 40 66 76 66 62 80 25 46 25 75 54 45 81 38 60 77 91 35 97 87 30 41 73 47 72 30 83 67 51 22 82 66 46 56 82 37 23 57 87 72 37 37 43 47 101 85 55 41 44 46 56 74 59 35 108 41 88 23 65 33 87 105 74 60 74 95 57 42 54 42 84 28 87 80 33 70 98 34 66 28 54 13 84 36 33 101 64 63 69 39 70 51 52 24 80 52 47 100 84 86 64 51 40 33 32 78 98 41 108 36 32 33 103 81 83 77 64 58 59 90 33 60 30 40 55 92 27 99 79 80 66 17 61 51 70 24 31 63 62 72 58 69 40 19 38 76 71 19 72 87 57 78 53 43 39 38 42 87 41 65 35 72 100 74 70 63
75 106 99 58 35 96 98 61 67 70 77 33 25 77 90 8 95 96 63 40 79 29 88 67 63 91 66 93 40 63 111 71 78 30 46 63 76 62 60 80 31 57 6 87 70 52 86 27 59 78 73 31 88 76 53 19 62 54 83 31 70 61 52 44 86 61 68 55 56 10 23 60 75 79 48 35 37 63 92 74 46 48 22 48 73 84 41 28 97 41 90 18 52 39 94 81 90 61 74 74 33 60 71 60 90 33 85 57 36 68 84 24 80 20 65 18 105 31 49 93 72 44 81 25 63 28 73 14 69 51 64 110 107 75 74 60 36 21 41 85 89 51 89 40 56 53 82 79 100 92 72 67 54 106 32 44 33 28 29 94 25 87 93 99 80 14 87 55 49 38 41 38 78 59 39 72 15 21 64 105 44 17 65 95 55 96 54 48 43 38 48 67 30 79 30 82 94 83 95 60
91 86 74 60 33 94 105 55 41 51 81 39 37 49 92 34 91 114 71 32 84 39 79 54 75 85 65 108 53 60 87 77 80 47 49 69 81 66 58 67 41 39 10 77 54 69 97 33 73 85 96 12 99 75 48 36 48 63 75 48 71 65 54 35 82 54 44 54 63 11 42 61 101 80 49 64 36 40 87 81 53 48 27 34 67 83 43 22 102 54 103 30 50 25 97 108 87 73 76 91 36 49 83 40 80 39 69 80 38 77 84 25 60 42 49 14 110 41 39 105 67 44 87 33 68 49 72 27 86 40 58 105 93 86 74 63 34 34 32 79 106 47 85 59 34 45 84 68 83 80 79 51 42 84 56 58 43 39 41 92 36 90 90 99 80 10 89 60 54 38 47 40 60 78 63 47 16 22 63 87 47 39 49 78 59 85 40 66 41 15 26 88 33 79 50 81 79 64 86 57
96 112 99 45 39 95 109 63 51 51 75 41 17 65 104 11 90 93 58 37 77 20 103 68 91 105 68 110 50 50 103 71 93 44 40 49 81 66 77 66 26 44 30 79 73 65 85 41 50 69 79 31 88 62 37 31 57 38 63 28 68 63 66 17 100 72 66 59 65 11 26 71 78 76 25 50 63 53 109 62 39 38 37 30 77 98 63 40 87 29 94 18 68 35 102 94 88 54 80 100 58 70 77 60 103 36 72 59 14 87 91 37 63 37 48 27 100 31 39 92 85 73 64 47 49 53 57 25 83 28 70 109 90 79 61 64 42 15 24 74 99 45 86 53 56 59 89 98 75 86 69 54 42 97 38 51 30 41 42 87 45 83 108 92 53 15 79 67 62 50 43 42 75 86 47 61 23 28 51 96 53 11 59 81 59 90 48 50 49 24 41 91 27 73 50 78 79 69 70 62
95 104 79 44 41 76 107 58 41 45 65 24 45 67 97 13 106 105 64 32 90 26 89 71 75 92 64 90 48 66 96 68 79 24 42 45 69 48 65 62 41 50 29 99 63 69 101 41 72 91 94 27 99 70 35 19 72 50 85 22 70 74 60 29 81 60 58 29 55 26 24 62 76 57 32 45 48 53 92 85 42 43 31 32 64 87 41 31 109 51 109 12 64 52 97 108 97 60 77 99 38 68 63 54 80 30 94 65 39 81 105 21 69 23 54 10 106 34 51 99 62 56 62 48 46 32 61 39 67 52 51 104 102 85 65 54 37 24 48 81 89 33 81 62 36 55 76 80 88 91 76 51 38 90 33 54 32 28 54 82 30 90 90 74 59 20 66 72 68 23 43 37 67 89 48 48 31 43 58 84 55 11 63 80 56 107 48 56 60 40 49 94 52 75 56 78 82 71 78 39
83 91 89 52 46 97 95 60 56 58 91 42 32 61 94 9 101 88 54 33 69 26 106 57 83 98 70 107 34 56 89 61 79 26 28 69 62 70 64 60 40 52 16 71 46 56 99 40 79 70 73 33 97 81 55 47 58 57 64 47 73 49 49 26 95 70 45 49 64 23 39 61 95 63 45 55 54 57 80 64 29 58 22 54 65 79 49 25 107 54 85 26 68 28 97 81 89 65 73 86 30 69 82 38 102 32 76 86 30 82 88 34 81 23 60 13 93 58 26 92 83 66 86 43 69 34 52 16 74 42 74 90 104 83 72 62 41 30 49 93 91 46 82 44 34 47 76 90 98 92 72 67 47 97 46 58 28 54 37 94 40 99 98 72 72 24 89 56 46 33 56 61 89 65 37 55 38 43 46 76 57 30 71 96 56 96 42 57 36 15 38 90 32 85 40 94 96 63 98 42
72 113 96 46 41 92 93 62 47 64 62 43 35 54 109 24 97 85 80 43 91 22 81 59 77 100 63 106 32 49 86 72 94 25 43 51 85 71 68 72 36 29 9 87 73 69 87 29 63 71 75 11 92 83 48 43 50 49 84 30 78 51 67 27 83 45 50 29 57 16 44 72 93 75 28 61 46 47 103 81 33 62 23 40 82 86 46 25 112 30 97 21 59 26 81 90 97 60 81 88 40 53 82 54 97 39 79 60 17 69 90 29 75 24 49 14 91 30 54 95 82 67 64 40 63 45 63 43 61 30 53 101 84 77 81 55 22 22 31 76 97 36 96 60 48 50 95 89 84 68 71 61 43 111 29 54 21 26 42 78 35 74 90 71 55 23 89 62 60 36 48 46 70 68 63 64 28 39 38 88 46 19 48 98 55 78 56 63 40 29 33 74 24 92 31 78 94 62 98 66
78 97 82 46 35 98 85 57 48 48 85 38 22 60 101 8 110 89 81 38 72 27 82 72 91 87 85 104 43 60 86 61 87 53 22 53 70 47 69 53 26 41 36 85 43 56 74 34 67 93 82 33 110 80 57 26 64 58 76 36 85 47 64 33 83 59 66 54 80 39 36 80 79 56 46 46 60 53 101 68 30 33 50 58 66 95 63 28 92 46 85 28 55 41 76 98 91 57 63 97 50 59 84 61 90 54 97 75 27 76 90 11 64 16 72 37 99 49 38 88 77 45 71 44 40 31 67 25 78 48 46 92 92 70 68 55 26 20 33 70 105 33 86 58 41 46 86 85 75 83 79 52 55 88 32 46 45 29 37 85 37 95 85 88 78 22 61 66 68 31 54 38 83 74 53 49 38 19 64 87 66 11 43 89 45 103 51 47 38 17 50 76 46 77 40 92 103 76 80 52
93 97 95 54 57 73 98 80 67 70 87 31 31 71 89 14 110 104 65 18 77 27 83 48 77 96 67 88 56 61 89 50 80 50 29 49 86 68 67 67 22 56 27 77 46 70 90 38 64 92 75 37 104 83 47 47 69 62 78 24 82 58 46 36 97 44 66 51 67 20 39 81 79 54 52 45 41 48 90 73 48 38 42 57 55 99 51 37 103 35 94 35 56 35 76 83 73 65 75 89 31 68 66 39 85 53 79 62 40 92 80 23 74 43 68 20 93 50 52 84 71 63 87 32 40 41 76 30 84 30 66 98 86 65 66 60 28 37 42 94 92 41 103 53 42 47 103 80 80 77 77 54 51 100 30 59 32 34 43 80 44 76 87 73 53 16 72 57 49 25 60 42 64 82 43 67 15 24 62 96 45 21 63 97 52 90 55 64 58 12 36 88 29 71 45 92 86 82 80 46
93 108 88 43 54 74 106 58 65 73 84 19 26 64 101 36 102 102 64 43 67 21 95 50 68 86 65 90 35 64 95 59 73 35 49 68 69 70 80 75 39 50 35 78 73 62 89 28 53 83 78 34 102 73 46 34 58 57 70 30 66 51 64 28 78 62 46 53 56 37 41 82 95 65 46 50 55 43 89 58 52 55 23 57 80 100 47 37 103 31 105 12 51 29 91 86 91 56 90 88 32 60 61 42 93 54 94 60 20 86 95 18 69 18 69 15 97 53 30 104 82 63 79 43 59 52 64 23 87 53 49 96 99 71 57 49 21 28 42 90 76 52 102 46 49 57 103 84 94 71 67 55 60 89 54 56 34 27 52 92 36 97 109 85 70 35 61 72 53 33 58 42 75 61 60 69 26 33 43 91 61 14 71 96 58 99 40 63 61 36 45 67 30 86 46 74 94 86 83 54
72 106 99 63 42 95 91 80 58 64 67 33 25 61 102 26 111 95 55 23 83 39 100 63 84 86 73 110 43 53 107 66 65 24 21 44 78 60 54 68 29 46 23 83 43 46 90 29 62 91 83 14 87 76 49 25 52 47 80 36 66 53 59 19 91 69 48 52 65 24 34 72 75 77 48 60 48 41 89 80 32 39 31 45 82 90 41 29 92 40 83 25 55 38 103 108 98 67 90 101 52 61 64 64 88 47 73 82 38 74 87 17 55 27 47 30 112 44 40 81 63 48 62 26 60 34 52 41 76 38 66 92 90 80 62 50 41 20 51 100 93 33 108 41 32 44 94 71 75 87 81 56 46 100 34 37 38 39 51 78 33 78 87 82 60 10 83 64 48 49 30 57 67 81 61 46 26 41 61 105 44 25 66 83 41 106 46 58 46 16 38 80 32 78 53 77 98 78 89 62
93 93 92 46 46 77 87 59 63 58 67 35 31 62 100 23 94 92 81 21 86 30 97 58 88 109 82 106 49 65 105 77 69 31 21 57 59 51 79 82 31 59 6 97 71 60 94 17 69 75 101 16 109 73 31 34 62 61 83 52 75 53 49 25 80 50 52 42 62 31 31 79 75 67 29 62 56 54 82 72 54 35 41 54 57 78 46 17 106 40 100 19 77 50 80 95 79 57 88 72 48 55 76 58 97 49 81 79 33 70 105 30 80 24 71 37 93 33 54 107 75 46 85 40 44 40 75 42 79 28 64 114 88 61 82 61 39 24 40 87 86 32 94 61 33 36 92 98 90 66 65 59 68 100 36 45 29 38 38 95 34 85 105 87 60 25 90 47 44 49 36 44 68 86 48 56 39 17 59 95 71 37 70 100 49 84 61 66 38 14 38 81 34 93 55 74 77 71 73 46
91 85 100 57 52 79 85 61 66 67 89 21 18 69 96 35 108 102 53 31 72 38 105 65 79 97 83 113 56 52 110 70 89 51 42 53 70 55 63 59 27 34 34 75 64 72 84 40 75 74 82 22 94 82 57 30 56 54 73 42 74 63 72 16 103 71 60 49 64 9 38 72 78 83 25 62 45 44 86 58 49 55 42 53 62 79 57 36 112 37 88 13 78 29 87 86 95 77 60 78 47 50 62 55 100 49 93 61 30 85 105 13 79 41 72 9 100 40 34 98 76 56 65 24 50 27 70 21 65 55 62 110 83 84 79 48 31 35 32 89 83 51 81 42 32 53 77 85 79 87 83 60 39 104 58 34 25 36 30 97 30 99 109 80 68 14 71 72 42 52 59 40 73 80 38 50 11 32 61 87 68 25 52 92 56 88 63 46 38 11 53 71 24 84 34 89 83 69 69 62
93 105 75 38 57 75 100 76 66 61 82 28 34 74 82 17 96 113 74 13 81 18 80 54 81 95 79 111 29 68 87 57 91 44 45 60 77 57 64 70 29 32 8 83 47 64 92 42 70 91 80 38 98 81 34 31 62 37 65 51 73 51 56 28 78 62 46 49 64 28 39 75 79 62 54 44 43 42 82 65 40 58 24 44 63 73 64 13 90 54 109 15 61 26 96 86 74 48 70 74 49 57 75 40 104 30 86 77 35 77 96 17 59 30 54 39 109 37 40 93 63 70 72 33 63 25 51 43 61 39 53 113 90 57 74 44 26 20 51 70 106 53 94 49 33 37 88 97 95 68 63 67 67 86 38 56 46 49 35 103 38 94 89 93 64 22 61 65 62 49 55 62 76 89 39 54 39 37 46 76 71 36 58 99 53 103 58 47 35 18 29 71 38 79 50 81 89 65 70 51
