200 10
84 37 16 35 57 88 36 46 60 66 58 97 53 86 83 78 91 33 71 111 56 54 37 51 80 54 66 67 45 78 65 51 18 97 70 77 89 35 19 41 94 37 66 81 76 100 39 28 96 59 53 99 17 56 90 87 86 44 87 44 15 53 59 62 55 49 40 48 86 11 89 86 72 33 68 76 39 45 39 22 41 74 76 29 108 104 93 74 47 40 55 46 82 90 71 33 50 79 59 23 95 77 61 76 59 80 40 83 67 47 76 86 67 19 82 13 75 69 79 58 78 87 35 36 47 37 55 69 38 29 93 82 53 72 99 32 43 76 57 28 106 30 56 82 51 72 82 48 36 51 110 14 104 75 44 7 105 80 27 52 49 55 64 33 27 43 55 45 47 58 62 41 76 75 85 103 66 28 56 51 49 39 65 51 76 81 44 102 95 46 112 50 49 92 18 87 18 110 81 88
66 48 14 25 37 78 62 25 64 52 68 93 37 85 79 58 85 19 71 98 53 77 26 71 78 44 75 49 46 61 42 60 13 100 75 94 102 36 26 42 78 28 83 75 78 89 36 22 84 65 44 90 13 58 87 80 70 41 85 37 23 25 77 54 56 41 36 66 73 11 67 94 74 40 73 50 43 46 19 30 19 59 56 21 107 106 77 72 39 39 74 55 68 68 88 44 55 91 57 35 91 69 74 64 54 76 49 69 57 37 65 98 74 14 68 15 68 49 83 64 82 101 44 19 70 47 56 60 50 27 84 81 33 76 86 29 45 88 51 29 84 29 58 87 63 79 81 40 21 55 111 15 95 75 60 28 88 102 30 39 50 41 54 34 17 34 72 63 69 56 59 66 83 104 102 90 55 29 49 26 51 51 68 74 81 79 27 104 81 34 112 42 55 84 26 87 8 112 88 94
58 44 12 14 48 68 50 29 36 60 66 90 44 70 108 70 103 8 68 90 37 56 26 59 94 39 66 63 51 82 49 60 18 90 74 90 99 30 41 35 101 34 72 74 100 87 47 15 73 62 51 89 28 48 80 74 62 44 66 35 24 29 84 79 45 31 50 64 91 5 81 88 63 36 47 77 33 45 26 27 44 58 75 32 103 86 89 94 38 18 79 32 66 79 81 53 35 102 76 33 68 80 72 60 45 92 49 89 51 30 72 110 66 11 66 16 90 40 58 45 80 79 43 24 41 47 50 75 57 9 101 61 47 76 86 47 47 93 39 28 110 38 57 87 56 81 60 46 34 33 98 38 104 76 55 29 80 79 33 61 21 31 60 24 29 33 74 71 59 57 68 55 85 93 86 94 63 57 57 36 64 41 53 54 95 76 14 105 92 39 86 62 51 103 17 109 20 114 77 89
83 23 9 22 47 66 45 38 52 72 65 102 51 75 87 54 90 21 50 94 41 58 31 61 87 61 68 58 54 65 38 50 7 101 52 98 77 53 39 19 106 37 95 89 73 93 39 26 81 62 46 95 13 57 89 99 60 21 68 52 27 46 60 80 55 30 45 64 88 12 72 90 60 44 56 60 25 56 30 36 22 77 61 42 88 110 98 90 48 15 71 45 86 88 97 33 43 78 82 31 88 54 71 75 57 93 50 70 49 35 57 106 74 35 83 14 88 65 60 55 92 93 32 27 51 54 43 73 47 16 97 80 41 62 88 29 44 84 45 33 94 58 65 76 68 77 81 65 27 37 94 22 102 59 68 19 95 81 30 45 29 50 53 30 30 59 63 64 71 54 65 57 73 91 83 86 62 37 50 41 47 42 66 70 74 65 44 113 96 44 92 47 49 91 39 102 27 90 83 82
71 52 8 24 63 89 42 52 63 49 70 100 31 73 83 59 97 9 43 86 48 59 25 49 102 37 58 61 58 67 59 61 35 100 70 77 93 44 16 26 88 29 90 74 76 84 45 17 101 73 58 90 32 57 82 83 68 40 72 34 14 32 88 57 60 34 33 55 87 20 74 101 69 52 69 78 35 57 24 25 15 72 66 43 98 91 74 94 42 29 68 55 86 82 79 47 46 107 83 35 69 57 62 74 36 92 64 69 64 21 60 104 83 36 63 14 90 57 70 48 93 90 49 16 60 56 62 62 43 29 95 70 32 78 104 35 42 69 54 25 99 38 74 93 56 80 82 56 35 36 94 36 103 49 69 21 90 89 36 47 25 34 44 40 14 44 64 62 59 47 70 44 87 78 79 115 47 55 43 27 52 39 64 64 69 59 30 88 79 44 95 48 50 105 43 90 35 99 86 85
76 44 27 23 64 85 47 35 42 55 68 107 38 83 108 76 82 32 68 84 44 73 25 56 85 53 50 54 47 80 43 41 20 107 60 91 97 50 19 34 82 32 95 94 84 91 34 15 95 57 54 97 9 60 96 86 73 39 87 50 23 34 73 55 53 49 43 43 78 24 91 88 61 52 55 72 29 31 26 20 18 71 70 37 79 103 83 79 26 36 81 41 71 88 90 47 39 77 64 48 91 78 54 71 53 87 61 83 73 30 53 83 81 23 70 14 67 56 59 53 88 94 51 30 71 34 46 62 52 21 90 62 51 69 93 37 61 90 47 29 99 57 76 75 58 79 74 69 27 34 86 19 84 75 55 10 99 99 41 39 50 52 66 28 27 47 53 61 71 64 54 67 73 95 91 97 54 34 53 28 66 50 73 60 91 68 42 88 83 52 98 40 55 95 16 102 30 91 87 77
63 24 22 26 55 69 52 50 54 64 57 104 27 81 80 74 92 12 71 108 52 63 39 46 85 65 64 62 59 58 61 49 7 87 65 91 84 56 21 25 84 40 79 73 71 72 50 43 77 60 52 81 19 43 98 88 68 29 87 39 22 25 85 82 51 31 37 44 97 22 91 95 76 45 53 55 33 40 26 22 38 58 72 28 96 111 82 83 28 31 75 29 68 85 96 48 39 89 68 22 93 80 68 80 57 89 34 63 70 40 79 110 74 36 59 35 71 49 70 51 94 83 47 29 41 59 69 82 46 8 83 83 45 89 90 27 68 78 54 25 92 38 63 87 67 95 81 41 37 36 90 32 97 66 56 19 85 80 47 53 39 43 54 11 23 43 57 57 49 70 60 43 83 85 90 105 57 41 63 53 50 50 68 55 77 61 36 99 81 37 100 47 35 97 22 90 28 99 85 84
68 33 21 6 38 70 62 29 42 45 49 99 43 76 92 61 95 29 59 105 46 53 36 74 90 43 52 60 37 85 67 56 24 95 53 97 90 52 19 39 108 31 83 86 77 87 52 24 78 53 47 98 36 53 86 88 69 35 78 28 21 36 87 76 45 45 61 67 76 17 93 74 61 27 56 54 30 57 19 28 23 64 53 37 108 103 90 92 25 31 72 54 64 68 96 31 39 86 73 38 92 80 80 53 39 72 58 78 54 33 68 108 90 16 68 22 72 47 81 73 82 97 34 28 49 52 57 76 41 26 86 73 44 75 104 23 66 73 58 49 93 44 59 89 46 88 73 48 25 53 88 27 90 64 54 35 106 93 26 63 39 42 58 19 29 44 66 58 64 46 73 59 97 79 77 85 71 40 47 51 73 67 46 68 92 64 18 89 94 28 93 41 26 81 28 95 11 108 88 77
68 24 7 11 50 62 57 48 52 53 73 99 32 75 80 68 96 34 50 86 59 66 36 65 79 43 49 68 36 72 47 60 25 104 57 87 76 33 18 21 107 27 91 75 73 91 39 27 92 64 62 101 14 47 109 85 68 34 82 45 25 37 88 81 51 23 42 49 70 23 68 89 82 29 57 67 45 33 27 16 22 65 82 34 81 107 101 89 47 32 54 53 83 69 89 55 54 87 82 45 84 65 69 63 39 95 50 83 64 29 81 98 66 13 74 24 90 49 75 48 98 95 30 28 48 49 57 68 38 21 103 74 31 81 83 24 65 65 45 28 96 58 61 91 69 100 60 41 31 59 111 17 80 77 60 24 92 108 30 59 27 55 66 12 35 29 47 69 45 56 48 58 86 95 102 90 75 55 56 38 61 55 50 69 90 85 20 98 102 50 91 44 26 100 27 100 11 102 98 82
63 23 31 11 41 91 47 25 64 70 74 88 42 70 92 57 81 6 47 93 47 55 32 60 98 57 56 49 38 67 61 42 34 107 79 84 102 56 44 15 104 48 82 84 75 99 33 39 72 54 35 86 18 34 108 86 67 28 67 29 37 42 70 69 44 46 48 62 96 33 89 75 78 52 61 70 42 40 39 34 36 67 53 26 91 99 101 100 40 31 71 35 81 84 91 35 44 89 81 37 82 68 59 56 50 99 42 71 51 28 68 111 70 17 81 26 75 49 75 73 75 80 53 37 64 57 68 73 53 16 90 85 36 85 107 44 60 83 50 46 89 38 59 79 68 99 55 46 23 42 96 23 91 66 67 14 100 88 43 66 33 46 51 28 12 35 54 73 72 63 63 55 78 98 85 111 54 29 40 42 65 66 55 51 75 62 28 92 98 35 89 41 30 103 30 87 11 96 99 81
