200 10
72 26 25 85 54 29 84 94 51 17 59 47 19 69 73 42 54 49 16 103 60 47 101 29 95 30 78 73 93 90 74 49 92 104 94 79 67 46 38 9 100 56 13 40 37 56 92 84 74 58 53 87 86 36 15 89 66 55 101 34 85 92 67 63 5 92 92 53 39 13 35 61 83 109 59 89 91 57 36 87 49 36 89 62 74 62 25 25 62 75 77 81 34 5 82 36 72 21 31 92 101 65 68 97 59 28 60 73 64 37 43 48 85 87 35 76 76 82 99 75 88 74 100 82 29 85 59 56 49 107 76 55 69 34 70 98 21 61 12 81 80 71 73 53 21 54 73 19 86 79 63 44 96 57 110 86 77 25 24 50 58 74 81 68 93 41 59 70 70 103 78 64 80 91 110 59 65 81 38 27 68 56 100 43 75 24 40 60 28 46 95 106 50 21 15 42 88 50 80 88
73 30 36 76 77 33 66 75 38 33 35 52 24 64 74 48 59 54 22 103 65 39 101 31 86 35 103 54 102 80 70 42 114 96 82 74 82 34 55 30 104 52 10 45 46 56 98 77 75 70 49 93 81 43 45 74 67 68 102 36 91 83 81 51 14 91 106 49 45 16 46 34 86 105 62 81 69 40 22 80 41 43 90 38 79 58 31 22 48 93 79 78 17 17 95 23 93 15 29 92 85 62 69 94 76 33 71 57 70 28 39 77 87 73 37 55 83 77 95 83 88 52 87 71 34 75 80 64 29 84 80 33 80 28 72 99 21 55 23 79 80 92 74 58 38 42 69 28 90 67 52 37 98 59 111 114 86 19 17 31 51 88 86 74 94 36 42 78 70 98 71 66 80 85 89 47 56 86 41 26 56 56 92 18 78 38 45 71 42 60 97 107 62 20 37 56 86 56 93 112
81 35 47 58 51 30 84 86 52 21 37 49 24 65 76 62 73 67 21 94 54 46 84 27 89 15 91 68 89 100 52 45 92 87 106 62 69 40 26 29 97 44 15 51 26 65 90 88 91 80 49 86 73 31 32 88 62 50 86 57 93 71 65 54 26 97 92 48 47 8 49 46 89 106 53 90 87 44 25 66 42 24 93 36 77 49 24 41 61 81 68 73 36 15 74 34 75 10 55 100 92 65 44 83 68 26 58 50 43 29 35 70 84 98 23 62 89 94 97 89 81 74 93 54 27 68 82 57 47 93 80 57 82 31 75 104 21 64 42 97 82 86 85 69 46 51 67 37 86 75 58 40 79 58 95 104 97 30 7 49 56 76 93 69 98 54 56 82 64 112 79 53 105 86 112 52 50 87 31 27 78 67 89 22 70 40 61 60 33 50 99 98 60 26 25 52 85 42 105 102
62 27 21 80 56 38 71 66 42 30 55 48 10 59 73 44 63 69 37 102 55 34 76 36 71 14 95 78 94 86 65 36 113 89 82 82 73 32 39 37 90 52 11 68 38 67 87 69 84 63 54 87 85 51 25 94 80 68 105 49 85 84 64 70 5 76 100 29 35 35 57 35 93 106 59 93 84 31 27 62 34 47 95 35 84 44 10 27 45 93 69 97 33 5 68 17 86 15 47 100 98 48 59 100 55 39 52 74 68 35 21 61 93 68 25 73 73 97 87 80 88 66 84 72 31 78 79 68 30 102 82 44 76 31 51 110 30 73 20 74 98 71 62 47 42 36 52 34 84 56 74 24 71 68 106 113 93 28 27 48 73 64 81 66 106 33 40 92 63 94 86 64 96 76 106 56 66 81 51 23 69 50 76 32 83 49 53 67 29 69 84 109 59 36 10 36 103 46 83 92
67 45 41 59 64 31 65 82 44 23 57 36 12 75 61 58 68 64 19 79 64 41 79 16 80 30 95 60 93 72 74 43 111 97 86 57 90 32 27 35 84 41 16 53 37 53 91 88 69 66 50 81 80 29 40 71 68 55 78 41 98 72 85 60 27 95 93 39 42 25 44 63 99 101 69 103 89 58 14 79 36 44 98 33 97 44 17 39 33 91 82 80 40 32 94 44 89 17 44 105 93 51 55 105 73 33 45 49 60 27 35 50 99 70 34 77 83 93 86 65 72 63 107 73 25 80 77 43 31 108 77 41 52 25 54 110 28 52 17 98 93 81 66 46 32 51 55 35 62 56 60 44 81 57 83 113 92 16 32 31 53 68 68 79 82 56 54 98 62 96 86 40 107 78 99 51 63 84 48 48 58 70 74 27 64 43 49 72 31 52 88 87 65 19 30 55 86 48 80 83
77 29 37 86 58 53 61 66 57 35 59 40 24 74 84 55 73 64 17 74 65 36 95 21 74 19 75 61 105 77 78 64 107 110 82 69 72 32 41 19 89 36 19 55 50 47 96 70 85 69 69 71 92 52 16 82 78 52 81 46 101 80 60 50 26 81 97 43 57 31 45 46 96 87 66 91 82 49 20 70 33 31 95 53 78 61 27 21 34 86 78 93 15 21 90 19 96 26 34 82 114 47 53 100 72 21 55 73 51 47 27 58 102 82 24 80 67 98 111 69 84 69 84 69 47 84 82 55 51 105 88 47 66 42 70 109 47 65 12 76 80 99 62 60 38 55 69 23 87 60 48 47 75 62 100 86 85 35 13 44 70 84 70 60 96 48 35 78 51 89 59 47 80 69 83 67 59 73 54 22 67 74 82 40 78 52 57 82 21 48 93 86 55 19 23 51 91 49 100 103
80 38 31 88 65 51 59 95 56 27 41 44 13 55 59 66 58 72 30 88 73 32 106 24 97 23 101 80 94 75 57 58 95 104 90 57 92 37 34 29 91 49 25 41 49 62 78 91 96 66 77 75 93 32 35 95 79 55 84 60 89 74 74 67 15 102 111 45 59 23 52 38 107 99 48 104 74 46 11 59 30 37 102 36 89 44 14 16 42 98 83 85 41 13 91 38 71 27 49 86 96 49 55 85 64 37 61 49 56 54 33 73 107 69 27 83 97 101 112 87 72 49 88 59 37 56 84 50 40 92 70 34 63 33 59 94 46 70 16 94 86 91 69 46 39 44 73 36 91 63 47 39 78 45 85 105 81 18 30 34 72 70 92 76 88 40 55 82 66 105 65 47 109 69 112 41 62 92 35 34 71 76 85 22 70 44 57 68 39 43 95 93 52 37 33 55 86 45 92 107
61 29 50 74 66 28 75 78 60 34 32 43 39 66 63 60 56 67 9 95 70 41 98 25 93 19 86 74 93 85 68 55 114 89 88 78 91 29 30 21 96 34 10 68 54 42 94 93 72 82 48 89 88 42 16 90 72 43 91 49 84 72 73 64 11 87 107 31 56 29 58 54 95 108 51 89 92 42 19 66 32 46 96 45 94 61 34 39 38 94 98 86 36 7 73 22 83 30 49 89 93 61 61 83 73 11 44 66 43 27 30 76 111 76 9 74 78 75 90 67 70 65 112 66 25 64 81 67 56 102 83 61 53 30 71 93 44 73 20 89 106 82 62 65 29 35 69 42 82 75 53 30 85 55 86 88 97 28 31 46 54 69 92 66 105 42 57 84 51 87 71 37 109 83 90 48 74 71 29 25 79 73 71 25 73 27 39 75 19 53 88 93 38 21 13 56 80 44 102 94
77 39 40 72 54 52 62 77 46 5 33 55 20 78 76 42 58 61 24 91 60 49 78 38 83 13 103 62 102 100 69 34 112 105 100 85 73 37 29 31 86 35 33 69 29 55 69 80 74 71 71 69 68 54 28 79 78 54 82 49 71 73 72 49 20 92 106 28 33 20 35 54 90 101 58 81 88 56 24 66 55 26 76 35 73 61 10 27 32 99 87 71 34 14 69 43 83 39 48 103 85 61 45 77 70 28 70 50 69 42 37 50 89 73 18 85 68 99 111 71 66 57 88 73 43 82 68 45 53 87 64 38 71 47 67 114 38 77 21 85 94 97 80 49 24 36 79 22 84 57 74 28 97 42 85 90 89 22 6 59 66 89 84 71 97 47 45 71 70 82 73 48 107 81 83 59 57 94 35 30 81 71 89 20 78 46 62 77 42 48 95 88 62 32 34 39 94 40 89 105
55 32 24 84 72 43 60 88 42 32 47 58 11 74 86 44 65 44 18 97 55 28 102 21 96 27 76 72 94 98 54 55 91 110 90 63 70 19 35 38 97 59 24 39 47 56 96 87 83 76 57 72 97 29 34 97 77 54 100 58 93 72 70 66 15 87 97 35 53 31 40 42 100 95 48 78 65 29 11 80 37 24 100 62 89 51 31 25 42 80 98 87 38 5 83 30 95 22 45 87 107 51 41 84 61 31 51 67 41 29 33 70 86 90 34 59 96 96 85 60 79 73 103 69 29 66 69 61 36 88 75 32 55 23 75 95 47 60 32 70 98 95 72 53 20 51 67 32 62 52 70 39 93 50 91 105 92 30 14 38 68 77 89 75 86 32 34 71 63 85 84 52 91 98 91 55 69 67 39 45 66 68 99 45 87 34 56 66 29 67 83 97 62 29 29 43 81 46 86 112
