50 10
45 99 100 99 48 33 99 47 63 60 60 31 58 93 57 67 41 34 71 86 51 83 51 25 69 32 27 61 57 39 93 47 87 55 31 70 60 102 37 65 25 45 61 68 34 90 37 62 84 38
48 104 94 91 48 32 89 57 53 64 52 50 53 91 62 94 30 45 59 72 40 79 50 32 91 25 31 41 59 18 100 48 82 45 13 83 71 97 39 86 30 67 54 50 24 99 33 89 84 58
63 101 86 91 35 35 91 67 52 45 36 41 58 78 47 69 36 23 60 85 40 72 59 24 71 17 48 48 41 28 95 48 79 42 23 74 58 94 18 92 38 71 46 59 52 94 37 72 93 56
53 93 107 82 58 22 95 49 80 61 55 39 55 77 42 70 34 25 84 95 48 69 59 35 94 32 34 61 39 15 93 47 78 35 29 86 56 89 26 68 19 70 64 45 23 109 19 77 101 33
72 83 99 86 56 5 83 53 57 40 45 42 45 83 59 76 34 24 76 75 47 68 58 23 81 36 51 54 52 27 100 47 71 51 22 78 49 86 27 66 17 59 62 65 24 94 24 65 84 45
60 110 104 79 55 8 90 64 66 61 49 51 42 80 47 93 39 46 55 83 45 83 64 27 73 42 25 67 47 31 89 36 67 36 28 68 69 84 12 88 43 61 60 67 35 97 28 71 81 39
43 103 109 83 60 29 96 67 66 63 63 28 44 86 59 84 36 25 83 89 46 85 67 22 74 31 33 64 40 28 94 28 88 39 14 78 63 88 25 91 40 44 65 50 23 96 31 90 86 54
57 88 92 91 60 8 93 65 69 40 52 47 40 90 46 70 50 37 72 73 42 96 63 30 82 46 53 46 64 38 95 28 76 49 34 83 70 81 26 94 42 49 42 53 44 101 35 62 98 47
68 83 88 93 42 32 96 68 76 45 49 31 53 64 53 75 32 28 54 95 52 79 55 17 83 27 41 43 53 34 103 33 63 55 5 89 49 99 11 76 39 73 60 69 41 89 19 82 88 35
73 96 81 100 39 27 98 62 63 45 54 37 47 63 37 91 42 46 60 76 38 73 46 29 94 27 54 69 63 39 92 24 71 49 22 81 63 81 23 84 33 66 42 60 53 105 43 82 85 54
