100 20
44 103 45 47 33 62 49 63 72 70 51 40 57 57 82 34 85 45 60 53 35 70 92 74 66 100 74 70 47 54 75 55 82 23 77 87 31 46 26 76 57 41 20 33 37 35 74 43 41 90 21 82 69 59 19 70 55 25 87 19 75 46 70 31 93 25 51 24 16 87 76 63 20 42 95 106 62 37 60 28 94 81 74 79 46 78 33 67 55 74 40 72 70 97 49 21 47 68 32 95
42 103 47 31 17 70 77 56 65 81 46 53 45 60 104 46 76 43 52 72 15 83 96 66 54 89 74 93 50 53 90 49 75 43 74 73 27 46 6 55 55 44 41 26 30 38 51 28 42 98 25 99 64 70 23 72 46 39 91 17 67 52 84 24 101 32 43 24 10 70 66 91 12 46 89 101 55 54 48 10 69 101 82 79 34 73 51 54 80 96 40 71 94 79 47 49 73 51 19 93
24 76 41 35 34 66 78 75 73 73 39 59 54 48 96 18 63 59 46 78 20 56 70 71 74 94 62 93 48 54 73 60 61 44 75 60 23 31 34 76 82 26 30 43 29 13 58 53 59 101 39 91 69 61 28 57 29 19 98 33 75 63 73 47 111 31 42 43 25 64 57 90 21 46 101 92 56 57 41 31 81 75 74 65 24 82 33 69 72 83 44 88 71 89 51 28 62 50 36 80
40 98 45 23 21 63 55 51 83 60 29 39 37 47 101 26 87 65 37 69 22 56 70 86 68 96 57 90 70 42 81 66 63 44 88 78 17 44 30 72 84 41 30 27 38 20 74 26 53 92 15 93 90 67 15 50 45 26 100 30 67 39 64 42 104 37 44 43 31 78 60 73 17 56 101 91 62 38 51 31 91 98 84 61 25 86 47 65 61 74 51 65 72 74 57 39 72 62 30 79
30 104 54 25 16 84 70 48 77 66 37 57 59 46 96 24 72 56 51 54 29 55 81 78 76 83 70 83 68 63 85 78 66 27 77 71 17 45 6 66 82 29 21 29 30 24 71 37 54 97 12 77 76 64 13 45 41 11 75 11 64 43 76 36 94 28 62 38 33 79 74 86 16 50 96 86 49 47 38 14 74 101 74 83 36 83 33 73 61 97 43 92 99 75 42 43 67 47 17 90
22 89 65 48 36 61 68 63 59 78 35 43 55 55 104 18 91 49 35 75 18 59 78 69 49 90 59 84 48 60 96 77 69 43 70 75 18 29 28 61 65 16 45 32 28 24 71 48 62 104 29 80 84 71 21 71 33 37 91 31 76 50 80 32 88 30 58 53 23 93 74 78 29 47 100 102 58 34 40 30 75 89 79 64 18 60 41 55 54 75 68 72 71 71 69 38 72 57 37 80
32 101 53 39 35 72 49 46 86 53 44 51 49 39 87 42 71 40 39 71 23 67 70 76 51 83 56 93 71 39 75 48 62 28 91 78 24 27 20 77 82 38 33 27 9 26 65 53 66 106 21 92 87 48 28 55 51 38 94 32 78 41 73 47 85 17 47 31 8 79 74 87 27 49 100 106 54 53 66 12 94 90 95 71 47 80 27 66 79 94 66 68 71 90 66 50 61 48 18 92
16 96 51 31 31 60 78 55 76 57 43 44 55 39 77 30 83 56 51 64 27 55 85 87 50 83 68 92 43 46 79 72 69 39 74 65 17 38 20 62 79 37 24 26 9 33 74 40 67 90 24 89 87 54 36 53 54 33 86 27 59 43 78 28 84 39 51 43 17 65 65 78 10 63 74 97 74 32 53 10 91 98 81 83 26 67 35 71 71 70 61 87 70 72 70 28 57 59 33 83
34 100 41 47 34 74 59 67 59 55 55 51 56 59 100 45 79 53 39 60 9 80 77 65 73 72 83 92 61 54 85 50 75 33 69 58 22 48 21 54 81 34 39 29 24 23 67 33 61 105 29 96 84 76 33 47 49 14 77 27 72 42 76 27 94 31 60 45 26 86 56 79 27 65 102 110 74 41 61 12 84 101 75 84 31 60 39 64 55 95 48 68 70 92 50 39 55 71 41 98
44 98 66 44 15 83 75 72 70 67 51 31 58 60 78 30 67 46 36 68 36 80 80 72 51 100 60 79 48 56 81 70 78 42 81 80 29 36 28 71 60 32 26 43 13 30 53 46 63 106 30 82 88 67 22 69 35 35 77 6 80 35 76 36 101 32 57 54 19 92 74 65 24 49 95 94 63 62 63 17 74 76 100 62 40 87 44 56 75 86 49 87 95 80 59 24 65 70 41 81
32 81 40 40 11 72 67 55 60 66 33 30 53 49 103 23 92 64 38 68 34 80 81 69 51 95 66 88 63 36 88 53 69 48 89 59 14 35 8 70 83 31 35 53 10 26 62 32 57 89 37 93 75 50 41 46 39 34 78 6 57 63 58 17 112 22 52 41 23 81 60 88 11 59 86 89 46 41 63 29 95 74 71 78 20 67 27 54 59 70 38 66 93 71 44 23 63 47 30 99
22 99 43 45 31 77 68 68 68 82 36 57 47 58 82 18 66 50 35 59 25 54 75 86 48 90 79 82 60 61 83 78 57 25 81 66 35 43 30 68 61 19 18 34 14 34 49 43 57 95 20 75 89 56 27 52 47 20 72 14 55 54 80 23 111 24 53 39 21 93 64 90 15 50 73 105 67 42 55 12 89 77 89 60 33 79 28 52 60 93 43 87 93 71 69 20 63 73 45 87
37 102 53 39 28 69 72 60 59 75 48 46 62 56 97 20 76 38 37 50 23 82 67 92 67 90 55 74 68 63 78 57 86 40 87 82 29 40 25 63 55 16 45 41 10 13 64 44 64 84 29 77 88 67 15 64 29 9 82 32 63 53 78 41 110 40 48 53 17 69 65 88 12 61 77 91 57 33 51 11 97 92 98 86 36 73 52 51 77 97 68 75 85 81 46 44 75 68 42 81
40 91 42 31 12 69 55 73 63 52 41 48 41 37 104 44 87 43 53 57 38 80 71 80 78 87 73 89 64 43 93 57 72 27 89 63 22 39 27 72 76 31 36 40 10 37 67 39 42 107 31 89 64 68 24 75 41 37 102 21 65 39 67 33 103 25 44 37 6 73 81 77 17 68 83 88 45 45 60 19 95 98 95 82 36 59 53 51 69 86 64 78 81 96 68 24 68 70 40 78
42 77 48 22 28 56 74 48 83 66 45 56 64 58 84 22 86 63 63 71 28 55 80 90 73 87 73 88 70 35 89 77 86 32 65 80 29 38 7 73 80 36 40 47 16 42 62 31 51 107 27 88 87 47 38 46 32 10 81 20 61 52 56 43 112 21 51 33 19 68 83 64 14 62 87 101 61 46 67 25 94 77 99 73 43 89 44 46 63 71 42 83 88 83 69 29 47 74 28 97
24 80 67 45 30 81 49 63 83 71 53 47 64 49 102 43 81 45 53 69 35 63 85 80 62 99 55 67 71 61 75 59 57 22 84 80 24 49 6 53 76 27 18 47 33 32 60 45 46 89 36 79 73 70 17 57 32 33 101 30 68 61 54 18 107 31 45 39 19 78 75 83 18 62 73 98 69 49 53 36 84 92 84 71 19 66 28 62 55 94 48 66 100 75 60 21 58 51 20 97
28 95 43 48 40 77 64 48 83 52 30 45 38 60 95 39 88 57 37 58 30 67 97 89 74 83 81 70 57 49 87 76 74 23 67 58 29 42 9 71 56 24 42 47 22 26 69 39 45 105 32 94 66 48 12 46 32 11 73 8 79 42 66 38 103 18 62 44 28 81 78 63 36 58 93 84 60 53 64 27 99 81 90 85 21 74 27 59 68 76 46 84 85 78 60 44 48 58 34 72
40 93 60 48 41 69 62 66 61 57 35 50 64 56 76 38 73 60 44 69 10 60 94 80 56 78 63 77 59 56 100 75 75 33 62 68 14 39 25 65 56 27 17 40 21 27 58 38 64 108 31 89 83 61 13 60 36 10 89 14 55 40 67 47 90 40 56 32 32 84 65 79 20 68 73 93 57 59 56 22 86 94 79 79 33 82 40 68 82 85 68 85 85 74 44 38 65 69 21 82
26 75 59 36 28 67 59 50 83 73 58 31 59 63 101 31 71 47 40 73 32 64 78 68 62 72 67 88 55 53 84 68 80 20 76 65 14 40 28 71 63 32 34 48 25 40 56 30 50 93 22 96 73 57 22 75 48 9 99 13 51 57 75 26 86 17 72 49 35 68 74 66 9 72 79 98 51 40 60 18 94 92 78 85 42 66 44 45 75 73 43 75 94 86 56 32 63 52 29 88
26 98 56 25 23 79 58 74 57 78 32 31 58 40 79 41 74 51 54 67 30 80 91 89 63 95 69 94 54 36 89 72 65 26 82 88 12 27 34 81 58 19 28 41 22 33 52 33 61 89 27 94 68 72 15 64 53 29 93 19 50 60 77 26 93 15 62 45 27 84 86 68 23 60 91 105 46 57 54 19 94 92 84 68 24 61 45 54 77 87 59 80 72 98 56 32 47 70 41 96
