50 10
36 45 90 19 93 104 102 36 69 19 71 42 50 88 73 52 36 84 60 41 40 20 51 91 52 66 44 28 85 31 48 74 44 31 67 29 28 67 85 83 28 39 54 33 26 85 55 47 69 28
37 46 89 33 83 97 82 25 71 17 93 45 46 85 87 38 16 106 72 48 40 13 27 94 48 61 30 22 100 13 37 80 51 28 51 20 18 56 111 65 51 49 46 48 47 101 76 40 58 35
24 23 83 40 90 85 105 24 59 27 92 43 57 107 75 38 26 106 78 43 18 9 35 94 49 50 48 30 103 20 51 64 44 13 75 32 12 62 94 73 26 65 42 53 32 111 72 54 71 11
24 44 78 21 68 115 92 36 67 29 89 39 71 106 81 63 31 77 83 29 13 9 38 104 50 75 47 20 97 33 26 59 72 26 62 31 12 45 95 73 54 54 47 30 42 90 77 61 74 22
43 37 87 40 72 97 106 14 60 7 83 57 70 81 100 36 18 84 61 53 31 23 41 88 46 61 60 22 91 41 42 59 48 32 72 10 37 66 108 68 51 46 34 44 47 94 52 61 64 8
39 29 85 15 67 88 95 31 72 36 77 59 67 87 92 49 30 98 77 48 31 29 57 93 70 50 60 29 94 41 50 82 61 16 59 9 40 52 91 59 29 38 32 33 54 106 66 42 53 21
42 40 87 41 88 98 88 33 86 14 72 36 72 106 78 37 12 83 83 44 30 34 53 90 71 54 44 9 91 16 28 81 65 13 79 29 30 66 103 83 47 40 52 43 24 102 55 65 56 33
20 22 70 21 78 105 105 35 79 34 74 42 60 95 99 52 6 97 63 24 39 24 31 89 61 67 56 24 78 18 54 59 61 35 69 9 34 43 98 70 33 47 30 47 41 105 48 49 72 23
22 48 96 24 81 98 107 33 59 9 73 60 52 88 83 50 13 83 68 43 41 19 41 79 45 56 40 25 85 41 34 66 65 14 78 17 19 62 96 64 32 63 54 44 40 92 56 42 81 14
24 29 89 34 70 100 98 18 63 8 72 51 66 89 70 41 36 78 64 28 33 26 28 98 53 63 40 15 78 33 29 53 64 13 76 19 40 58 97 64 28 61 56 44 45 98 71 60 81 26
