100 10
52 77 26 90 85 51 47 93 47 97 76 66 29 97 84 91 106 37 43 90 33 60 12 58 26 78 20 36 78 52 26 53 70 10 84 64 44 83 37 56 67 91 93 32 60 43 77 46 48 89 60 53 60 87 66 76 74 84 48 100 50 66 99 28 97 51 90 73 87 87 101 83 72 57 61 47 30 82 63 35 71 88 46 37 17 64 100 71 73 69 40 57 61 85 37 78 38 91 90 65
57 57 27 101 101 31 67 102 59 102 63 51 18 101 85 93 91 55 42 108 21 43 19 56 18 65 36 36 82 53 29 51 60 16 79 53 45 67 43 53 81 93 95 34 50 31 85 41 36 96 32 34 53 94 91 54 54 57 47 94 37 73 97 50 96 45 109 55 107 72 83 81 79 76 64 52 28 76 77 20 79 91 50 40 45 84 109 58 64 46 54 63 56 78 41 90 47 98 91 62
44 68 15 88 99 33 63 108 57 72 91 50 23 101 89 96 91 56 62 84 35 34 12 85 32 60 26 49 58 71 24 50 66 28 94 43 31 92 44 58 70 67 87 53 41 39 87 47 43 69 50 45 57 95 71 60 56 82 32 80 55 63 97 47 115 50 94 59 106 70 89 75 71 64 43 38 16 77 71 37 55 72 28 25 35 69 104 42 71 66 47 58 62 84 34 100 41 96 110 68
42 63 30 86 103 38 58 107 40 81 82 70 16 76 96 85 82 36 63 99 42 60 28 83 28 55 19 55 79 54 23 58 60 24 98 72 34 81 42 70 61 93 71 53 34 56 79 24 22 75 53 33 35 87 61 51 58 58 48 107 46 75 85 35 97 43 107 62 110 76 96 74 75 67 66 48 37 68 81 8 79 81 23 25 25 78 95 69 78 70 38 74 37 80 21 89 52 93 93 56
51 60 12 102 95 39 47 99 53 85 86 49 14 88 85 98 90 56 44 84 38 41 11 58 16 76 36 58 70 75 13 48 69 29 75 58 43 97 53 69 61 93 68 56 51 35 78 32 20 86 57 38 39 92 63 68 52 71 39 107 40 67 83 27 94 48 96 65 114 85 107 62 86 86 48 29 21 60 68 32 79 92 26 29 21 79 99 53 89 71 31 63 47 77 51 82 56 77 97 58
67 74 36 111 96 45 61 108 34 73 65 53 27 82 83 79 97 41 43 91 46 42 24 66 26 80 36 54 76 61 30 60 77 27 87 71 32 78 43 74 80 76 68 39 49 45 96 42 33 83 54 50 46 102 71 54 56 63 29 79 27 51 90 25 90 33 107 54 92 70 86 76 83 78 54 40 23 80 88 24 77 75 38 38 43 82 110 56 84 75 54 54 44 93 37 77 52 98 88 55
56 54 11 86 97 34 48 101 47 72 73 75 21 76 102 98 109 58 69 100 36 41 31 85 19 61 47 41 78 66 13 57 78 33 103 47 59 85 59 71 75 74 90 50 42 51 82 44 18 85 54 45 51 83 73 49 76 67 22 77 33 75 99 37 101 46 85 51 89 87 97 57 68 60 48 52 31 90 77 11 64 84 35 43 34 76 84 69 68 51 49 73 56 87 36 88 43 105 102 71
51 72 36 84 98 33 59 86 42 72 78 56 38 93 90 99 84 44 50 88 26 42 29 82 15 76 39 34 63 70 16 71 66 25 89 70 59 78 45 50 72 95 66 38 57 30 96 47 36 96 36 29 34 84 61 52 69 84 44 100 41 76 99 27 98 37 90 69 89 65 107 64 70 58 46 51 33 87 89 27 72 73 49 40 44 78 86 42 65 48 39 61 54 86 39 89 34 96 93 75
47 79 8 92 96 41 45 83 47 82 64 70 38 85 105 82 94 39 48 103 32 51 13 69 15 67 44 40 69 61 11 54 67 12 86 51 48 75 35 74 74 88 95 33 46 55 71 46 32 84 41 54 35 102 88 63 67 60 49 94 33 67 92 50 105 59 87 60 104 93 108 60 78 85 72 45 31 90 72 17 73 89 24 31 33 71 107 65 74 57 48 79 47 100 25 93 53 76 86 82
64 78 26 113 93 44 70 84 44 72 67 62 21 103 97 109 99 52 50 90 41 44 11 74 35 77 42 33 59 65 13 55 51 27 88 45 54 77 43 79 79 94 96 34 35 41 73 35 18 86 40 45 39 97 85 74 77 81 36 89 30 62 98 44 108 40 103 57 103 84 107 72 88 77 60 36 28 63 73 37 67 92 33 28 30 91 83 43 78 60 61 79 61 75 21 102 37 102 91 62
