50 20
36 69 46 99 57 19 58 41 38 51 95 62 55 65 60 57 52 81 37 43 48 71 32 106 30 17 73 79 107 73 27 84 86 94 84 59 41 75 70 68 70 106 33 57 77 50 55 39 34 85
44 90 46 79 39 31 49 32 56 58 92 62 70 69 71 54 74 78 25 35 54 78 54 104 22 41 69 80 82 70 33 84 67 89 89 66 24 94 70 50 63 91 46 34 84 31 49 56 24 79
41 64 31 100 39 29 57 39 60 63 89 82 51 78 72 30 61 84 27 52 50 78 28 93 24 22 71 80 91 77 50 78 67 70 97 74 40 92 94 68 76 99 37 40 69 43 73 41 35 70
29 70 51 94 57 33 62 33 53 54 111 69 73 66 62 51 50 72 31 38 51 95 46 85 32 17 72 93 99 86 37 79 72 89 74 65 28 99 85 56 55 91 46 43 66 59 56 42 20 60
52 67 47 88 57 7 54 22 55 48 108 81 74 76 86 41 53 57 15 57 62 94 55 91 41 42 78 92 96 83 26 86 62 74 86 71 22 93 72 52 63 80 43 32 81 54 62 57 27 75
26 79 52 79 44 19 52 48 33 44 114 62 55 54 61 51 49 64 30 56 47 86 41 100 47 19 58 77 94 81 42 81 61 92 86 59 30 100 76 64 66 101 29 54 88 44 49 47 30 76
45 63 27 105 45 32 47 40 59 66 111 86 49 63 60 33 67 61 20 56 46 73 54 99 48 30 84 66 89 79 48 77 75 73 99 70 35 82 73 67 61 98 46 33 73 46 50 33 43 84
50 81 30 78 56 8 60 48 53 53 111 81 66 73 78 35 75 58 20 53 45 93 34 114 26 43 71 68 93 69 38 98 72 76 84 63 23 70 96 63 57 80 29 43 83 52 76 50 27 64
45 73 47 89 41 29 56 38 46 44 102 77 59 73 82 32 55 77 23 45 50 80 39 89 18 16 65 74 92 90 45 102 86 81 93 69 34 79 76 69 79 90 39 50 87 52 69 55 45 74
49 83 29 85 53 36 53 38 46 65 92 81 58 52 84 30 55 66 19 43 45 94 51 97 24 23 80 66 104 70 25 92 73 77 89 75 33 89 80 65 63 97 43 33 92 40 60 41 43 84
39 71 47 77 40 31 52 36 62 66 94 75 59 52 71 44 56 55 24 48 64 90 57 112 46 14 77 66 81 89 27 75 66 70 83 81 14 70 96 61 60 105 45 52 76 48 73 44 28 79
27 74 44 79 47 29 55 31 42 74 104 74 71 72 70 35 76 85 14 48 43 101 35 102 27 40 62 78 86 81 51 81 73 78 95 62 35 96 81 47 63 100 45 39 71 41 73 60 32 88
43 80 36 98 42 36 53 49 42 57 97 66 70 65 66 27 76 81 27 42 48 93 38 88 33 37 75 79 95 78 43 102 62 97 82 58 15 75 98 63 52 100 46 33 87 46 52 53 21 75
28 61 49 78 36 27 47 39 36 62 98 60 48 71 67 34 47 64 8 43 53 90 48 92 24 38 67 74 94 85 44 76 63 71 92 81 35 77 79 70 56 96 33 58 88 55 50 46 25 62
25 68 44 104 62 25 56 41 62 61 103 71 48 59 76 30 57 63 29 55 65 87 46 89 21 35 60 96 101 95 38 97 87 79 99 64 35 99 79 67 52 106 40 54 72 42 51 36 26 83
46 71 48 92 63 30 64 48 48 67 106 81 57 66 87 55 47 83 12 38 55 81 32 105 44 34 54 93 88 90 47 99 75 74 85 75 27 78 70 45 71 95 44 38 92 33 72 42 30 87
24 67 49 97 43 9 60 34 58 44 84 84 48 58 67 43 74 80 12 58 63 99 34 103 23 20 63 91 109 85 24 100 68 84 97 79 28 73 85 52 66 88 36 59 68 43 61 59 44 88
27 65 44 103 41 9 57 32 56 56 102 76 61 75 71 38 54 80 14 59 65 79 43 91 24 15 55 76 91 92 35 102 83 96 88 81 28 89 95 61 72 84 54 48 79 60 74 39 24 60
27 70 47 93 60 29 53 24 52 53 102 77 55 51 69 56 69 64 13 56 45 96 32 95 25 24 78 83 79 71 25 95 62 82 90 74 34 81 90 51 74 94 38 34 86 48 71 53 19 77
46 70 36 88 64 37 63 23 51 48 94 82 69 60 70 39 49 66 22 55 52 94 52 97 46 18 65 69 82 80 46 99 68 86 90 67 40 80 98 45 70 90 42 55 71 47 55 42 31 67
