100 20
89 67 71 89 100 45 29 33 62 36 78 30 82 45 73 57 56 43 86 34 82 56 74 54 75 69 94 111 86 66 33 28 17 27 33 99 24 68 11 89 94 17 42 38 38 31 83 49 54 20 59 43 89 31 80 78 33 84 60 65 42 54 37 38 46 97 25 29 53 87 16 83 77 91 48 40 29 46 35 31 34 109 88 87 84 89 43 39 49 47 67 29 55 33 95 48 98 25 22 37
74 69 52 87 77 35 47 42 41 51 73 36 78 22 74 52 52 30 86 25 82 49 53 54 67 89 82 102 96 74 9 44 32 29 36 94 41 73 10 79 94 30 48 17 25 44 79 64 44 20 55 32 89 30 90 72 36 62 45 79 53 65 43 36 49 84 19 19 75 93 24 84 65 77 45 61 44 37 54 5 48 93 92 63 74 100 35 25 58 32 76 35 44 44 95 56 85 27 36 31
83 86 59 95 90 40 33 35 48 48 65 36 73 43 77 61 51 43 83 40 59 56 62 61 80 96 98 88 89 72 19 58 21 21 32 113 42 45 15 96 76 37 48 30 31 50 83 60 37 24 62 50 97 26 81 73 18 60 38 81 36 55 41 33 44 85 35 37 60 77 34 89 55 72 30 50 31 34 31 13 58 107 90 74 73 87 30 44 53 38 85 28 59 22 90 66 90 32 36 9
76 86 48 114 93 39 29 17 63 31 62 30 78 31 91 55 56 28 82 21 81 78 55 55 78 80 88 107 90 95 28 55 37 34 31 94 49 50 15 95 78 27 29 28 32 46 100 64 27 10 77 45 96 35 82 78 39 60 64 64 38 52 25 41 69 100 18 19 74 78 28 79 51 75 49 63 33 49 58 10 56 98 78 87 75 87 49 32 41 28 89 31 39 35 68 51 98 36 45 26
86 89 68 90 106 54 36 34 64 52 67 48 72 30 74 45 48 37 85 28 81 73 69 58 64 88 88 99 84 70 13 50 34 13 27 84 44 56 14 83 100 26 46 23 27 30 100 52 32 8 64 37 83 25 79 83 14 81 59 67 52 52 38 26 64 104 26 16 73 90 28 74 77 91 34 53 38 28 41 11 49 89 74 63 79 92 49 39 41 42 94 42 33 47 71 41 76 37 45 27
103 61 64 97 106 46 42 39 38 29 65 36 62 29 78 48 34 50 99 28 84 73 64 51 70 83 79 111 102 93 9 30 8 29 42 112 20 47 36 92 89 38 58 21 34 50 84 64 24 25 61 46 96 34 79 88 14 62 68 59 52 69 51 40 46 96 31 8 74 99 28 89 66 82 37 57 31 35 49 26 48 86 85 74 73 94 50 48 59 49 78 43 37 26 67 50 76 32 20 12
96 77 73 100 82 35 19 22 39 46 72 41 57 27 75 59 56 23 91 42 57 60 74 76 84 82 94 83 87 85 38 30 24 17 37 105 38 65 9 92 87 33 46 14 32 38 88 64 46 26 54 39 106 20 105 76 37 77 50 55 45 70 46 37 41 99 28 27 66 96 7 95 74 84 36 53 31 46 51 7 36 96 63 71 74 82 34 36 54 52 93 50 40 47 93 66 79 33 35 11
96 64 61 95 93 30 28 36 54 50 73 26 81 16 71 56 41 25 89 26 83 67 53 61 58 99 97 86 107 66 16 34 18 22 40 83 30 64 13 96 79 33 55 23 23 22 84 49 31 13 77 25 97 8 93 73 21 72 64 56 40 79 51 47 40 88 46 24 56 99 24 86 53 81 29 64 45 43 45 16 60 84 75 73 76 81 35 42 45 29 96 52 51 36 91 62 96 40 34 18
87 69 65 105 101 38 42 15 57 58 74 26 73 36 94 61 61 28 99 38 80 52 50 69 54 81 91 95 80 91 32 33 38 9 57 88 35 59 23 73 89 16 42 33 42 51 93 66 52 31 65 42 102 34 77 99 32 65 56 75 55 73 51 26 43 83 34 15 63 84 12 79 57 96 52 41 36 38 54 31 60 95 79 72 91 89 43 33 52 49 95 30 45 39 84 68 75 33 46 14
81 88 48 115 85 55 47 42 45 51 88 41 83 30 85 65 42 49 95 35 83 60 47 53 61 85 80 89 95 90 37 56 18 8 40 108 26 67 38 100 86 29 29 14 24 22 86 57 48 16 69 28 81 14 86 73 43 81 61 79 53 56 35 24 43 103 37 17 66 70 29 73 69 74 24 54 31 22 42 18 59 113 74 85 97 95 27 45 46 30 90 35 51 31 94 59 88 20 22 24
84 66 60 109 76 32 25 36 51 38 77 39 76 18 94 64 58 36 77 44 71 50 53 69 83 74 93 110 106 94 34 38 19 13 27 110 33 71 21 98 95 31 39 13 45 50 78 43 27 38 54 30 79 31 75 88 24 83 62 84 37 68 27 26 44 102 21 37 64 78 35 100 52 93 33 60 44 43 47 28 45 86 87 87 77 86 44 36 39 42 83 27 48 31 66 54 88 50 18 19
102 69 71 101 88 28 45 32 64 49 62 29 60 22 88 47 63 36 93 27 62 52 49 76 67 78 89 111 97 90 14 29 36 14 40 103 36 46 13 80 75 29 37 29 48 44 91 44 49 26 73 38 97 17 84 79 41 64 65 66 48 77 49 24 52 100 40 12 66 85 28 87 55 97 46 68 50 38 52 20 44 95 81 81 90 90 38 36 48 42 88 31 49 37 72 69 83 49 31 7
75 84 60 99 96 47 49 35 38 31 91 39 55 21 84 51 38 45 96 41 79 48 56 58 60 84 105 109 88 84 33 29 13 10 28 100 42 50 13 92 87 30 32 33 37 30 78 48 25 8 61 39 80 23 95 82 38 67 60 69 48 54 49 47 58 88 29 24 80 70 18 76 53 79 47 67 45 37 50 10 52 112 70 86 102 84 42 49 39 34 88 28 38 44 74 61 84 20 38 10
78 80 60 108 91 35 25 40 44 47 61 49 81 36 71 60 46 47 97 42 74 75 59 52 83 74 88 98 86 85 13 36 27 23 53 106 36 69 12 88 99 15 58 32 37 51 96 39 41 9 59 22 108 11 77 76 13 73 49 74 44 78 25 32 41 81 18 22 51 86 35 83 74 101 29 60 34 37 48 26 60 111 78 68 77 96 34 27 64 27 68 44 53 39 83 66 79 30 46 26
89 60 73 104 89 56 27 29 45 51 65 26 55 39 76 75 55 32 79 35 66 67 72 62 61 76 81 108 86 85 32 30 11 28 28 88 29 62 21 103 82 29 44 22 26 31 94 64 53 31 67 48 91 28 81 85 14 70 47 83 53 49 29 37 55 106 39 17 81 91 28 87 63 74 31 63 48 41 45 7 37 100 68 64 81 96 45 42 55 26 85 29 54 21 73 52 89 26 45 30
76 85 70 103 97 32 41 20 44 46 73 34 76 37 78 67 50 39 83 46 70 56 47 65 73 74 98 101 93 79 16 46 17 20 34 91 43 72 24 99 91 34 55 10 33 52 97 61 49 22 64 37 106 27 79 94 25 80 57 85 42 77 32 31 41 86 30 33 80 95 21 73 62 74 40 39 36 36 50 21 48 93 87 77 82 89 46 40 62 35 97 45 46 30 81 67 74 50 24 8
75 73 70 95 98 28 35 17 56 41 80 25 71 27 79 58 49 28 70 23 67 77 66 58 81 88 99 102 91 82 19 48 10 9 48 110 34 66 38 96 98 27 38 27 48 32 87 39 52 28 71 27 95 31 76 87 28 85 52 63 46 59 22 40 50 104 21 24 76 88 19 101 72 79 42 53 35 23 49 6 31 103 78 63 92 95 44 46 45 50 84 44 52 48 95 48 87 22 44 18
89 88 49 105 95 28 39 22 44 45 76 24 74 27 71 49 54 23 73 43 74 72 50 81 80 71 98 106 83 65 25 45 14 31 33 96 29 52 31 97 82 19 44 31 18 50 102 55 25 17 53 45 109 20 91 78 17 76 38 57 53 49 41 38 50 84 21 27 70 84 33 80 64 83 23 49 29 47 32 23 41 93 92 69 79 84 44 39 52 39 82 55 35 36 79 45 82 43 33 25
83 85 50 88 96 29 42 26 34 54 72 23 62 39 79 66 35 26 71 41 71 58 61 67 66 88 78 104 107 73 38 41 36 19 46 97 39 49 15 92 83 41 52 28 29 23 102 61 49 28 74 50 109 11 95 100 21 79 54 72 53 56 44 22 67 97 41 31 70 82 37 99 54 77 37 61 46 45 52 7 39 104 88 83 89 85 32 37 54 30 85 32 47 39 72 53 97 22 21 7
84 72 50 95 104 32 21 29 38 35 86 42 83 29 94 57 62 52 77 20 62 69 49 66 59 84 76 95 106 75 38 48 16 33 56 110 25 51 18 73 75 31 30 17 30 32 84 65 36 26 57 32 98 23 99 84 34 66 41 63 55 65 47 34 47 98 18 30 78 84 36 77 73 75 39 66 33 47 34 13 61 110 92 87 87 98 36 27 64 54 84 50 42 24 92 55 92 27 41 29
