30 10
94 89 85 68 65 77 33 95 34 60 72 32 100 35 26 96 14 25 79 24 79 100 35 52 24 65 27 60 30 61
65 70 82 42 63 71 33 95 42 61 69 31 113 43 45 80 9 8 68 49 108 72 33 36 39 38 45 45 45 60
72 69 78 64 68 86 30 99 47 47 86 32 102 42 36 95 10 21 62 40 95 74 50 57 36 63 49 70 43 53
92 70 73 62 57 89 24 77 48 69 80 40 90 26 42 99 15 13 69 46 102 75 61 33 44 60 34 57 51 56
85 68 71 65 60 87 24 98 27 61 80 25 84 36 34 91 5 8 80 45 104 73 55 44 42 37 23 63 39 77
88 92 79 45 64 86 25 106 36 74 91 36 99 23 34 84 32 30 66 22 101 74 51 27 24 57 43 57 45 64
71 65 75 51 53 82 43 90 39 65 65 46 90 37 20 73 27 8 61 34 82 100 47 53 37 39 40 70 50 62
84 76 71 54 47 80 32 93 48 50 79 28 91 30 25 91 19 6 59 38 83 87 56 29 37 53 29 42 56 77
72 84 67 69 49 79 26 106 51 50 71 52 89 23 22 101 29 10 62 28 89 72 33 35 21 52 43 49 32 76
69 81 58 46 55 74 27 97 31 74 76 52 92 46 44 97 10 26 75 51 93 86 40 33 29 37 50 59 29 79
