30 20
44 38 16 89 107 66 46 78 65 66 37 77 85 99 20 109 70 21 71 63 97 29 106 37 37 112 78 95 36 34
61 18 33 81 110 58 22 58 55 66 30 74 71 79 39 90 62 33 82 55 93 35 103 30 27 91 87 104 35 28
38 38 22 93 89 55 38 85 42 75 16 65 85 77 21 91 60 32 86 72 84 27 95 18 36 88 87 111 32 38
53 35 23 86 100 59 28 68 65 82 42 81 90 74 43 111 63 29 59 81 93 28 85 14 19 112 88 85 44 24
38 30 9 83 90 59 32 78 58 82 38 66 77 79 35 113 58 20 68 59 74 21 95 23 18 103 88 102 37 49
46 19 17 107 105 63 22 58 57 64 40 75 97 91 47 88 57 45 68 78 68 14 104 17 15 108 81 105 28 42
40 27 38 95 88 55 30 69 54 85 34 88 83 100 47 112 61 22 59 77 84 24 89 39 31 91 94 100 45 40
66 24 22 91 98 73 29 78 61 60 31 68 73 75 25 111 69 22 68 56 88 29 109 12 39 91 84 90 54 41
52 40 34 104 94 56 27 73 41 83 16 71 91 74 47 106 65 28 82 55 97 15 106 26 12 111 90 101 51 46
52 30 9 84 91 70 26 78 38 73 27 82 81 86 45 97 72 45 81 67 91 30 89 32 29 89 93 89 42 46
54 17 37 104 94 52 22 64 42 71 31 77 82 81 43 91 76 23 73 84 86 23 108 18 20 86 92 89 45 38
40 21 26 97 83 48 35 64 47 58 15 88 89 90 38 93 56 28 64 79 83 10 95 33 21 97 105 89 39 27
39 22 38 83 84 66 36 66 55 72 43 74 71 87 37 108 68 32 70 55 87 20 89 27 32 99 101 83 42 23
66 38 37 97 109 61 39 84 40 84 14 64 78 99 29 112 67 30 89 56 72 27 100 14 37 88 103 113 48 25
47 15 15 85 95 54 37 86 46 71 32 89 89 89 34 113 58 16 65 82 76 32 82 26 11 85 100 110 44 42
68 33 24 110 84 62 30 59 57 59 31 80 93 75 22 107 67 39 81 58 87 17 94 28 28 111 103 103 33 24
43 19 17 87 107 58 39 85 39 67 21 84 86 98 23 108 76 22 85 71 97 33 109 34 34 112 93 103 36 49
57 36 19 93 94 48 49 84 51 81 15 73 79 79 47 84 77 23 89 58 92 29 83 28 17 106 78 110 52 39
67 13 23 101 93 68 47 78 65 72 43 84 84 86 22 114 74 38 84 66 71 19 108 37 39 97 98 107 48 34
66 42 13 82 101 53 21 84 39 84 24 77 77 100 28 97 56 44 77 63 83 24 96 34 23 86 92 93 43 23
