30 10
45 25 81 51 59 23 90 92 44 14 16 56 52 94 57 46 94 94 39 26 114 49 18 39 65 60 59 81 95 68
58 33 78 27 69 24 84 84 61 33 39 34 48 90 75 34 99 65 48 17 114 62 7 31 50 65 66 83 107 83
66 34 90 47 51 41 80 101 56 16 39 31 34 93 60 18 89 86 52 37 94 47 11 24 63 65 63 88 102 74
45 46 92 41 71 23 64 88 49 34 32 29 36 90 57 26 86 93 39 28 87 52 35 28 41 57 80 82 98 83
55 39 74 26 58 17 88 91 41 15 26 33 43 82 49 24 86 91 41 33 113 57 16 32 65 62 89 87 91 93
73 34 93 27 69 24 89 90 61 33 26 28 41 98 52 21 76 71 40 25 113 72 10 19 61 58 78 80 97 66
62 50 89 38 62 31 82 86 63 30 20 37 39 88 70 43 79 74 39 27 91 61 26 26 46 77 73 90 100 93
46 49 95 26 63 19 65 82 54 25 43 29 58 96 63 25 93 81 53 30 92 71 20 24 58 74 64 69 102 75
66 27 92 37 58 41 64 100 66 36 44 40 59 93 65 18 80 77 39 21 109 54 32 13 55 61 76 77 103 76
71 28 87 35 48 27 75 107 60 28 28 36 56 92 45 30 103 78 41 32 114 43 10 30 45 83 80 92 86 70
