200 10
69 14 102 70 25 101 36 93 73 68 62 75 66 74 40 18 64 37 64 21 87 85 13 21 59 51 84 70 49 98 85 56 109 87 6 85 32 26 74 81 62 28 57 115 74 100 103 47 52 21 39 30 74 16 36 18 61 27 51 20 86 81 82 90 108 24 31 51 31 107 74 99 75 94 79 63 54 43 100 82 62 73 48 82 44 66 84 98 56 62 21 31 51 42 74 31 28 44 82 81 46 24 32 18 33 53 95 73 64 54 58 98 73 40 44 77 99 63 28 40 85 47 40 31 41 102 83 60 50 96 94 101 80 33 20 50 31 45 20 77 71 74 40 61 29 46 24 89 58 62 68 54 64 46 70 78 59 20 37 59 59 73 48 27 47 71 37 82 62 50 9 72 91 60 67 81 67 98 88 82 23 66 62 83 22 64 25 46 70 51 38 82 94 42 83 78 41 81 90 40
70 30 94 61 38 90 35 100 84 71 58 51 52 72 43 21 37 48 77 18 102 96 39 25 77 42 78 76 54 98 75 49 104 70 9 102 39 31 79 74 62 27 45 96 75 77 93 18 55 7 43 11 63 9 36 36 59 20 66 32 89 64 93 70 107 46 41 51 17 86 69 89 61 76 91 69 55 41 101 108 65 49 75 104 62 54 79 92 67 67 25 20 32 30 87 29 30 35 76 85 42 42 52 24 18 50 109 88 56 46 58 97 67 44 46 87 83 75 45 46 89 70 47 35 39 89 93 77 43 87 86 90 87 41 27 61 36 60 19 101 96 85 36 75 39 52 33 102 46 69 66 38 56 27 61 96 60 30 35 79 59 90 52 16 60 71 34 69 62 41 33 62 83 74 70 101 64 86 92 98 15 59 50 72 20 61 36 49 49 51 29 66 84 42 71 71 27 79 75 39
72 17 83 74 30 89 37 102 75 84 73 81 73 63 63 15 61 39 81 43 97 98 12 5 50 45 65 70 44 99 79 71 114 81 7 104 47 46 95 65 64 19 50 91 74 94 83 31 64 10 21 23 68 29 37 41 47 27 48 20 102 79 95 97 83 38 40 43 21 97 88 88 55 83 89 75 38 50 102 87 61 64 71 105 59 73 89 100 69 83 32 35 42 27 90 32 28 46 66 76 64 39 38 10 16 74 110 97 63 52 81 102 81 39 46 78 79 78 40 47 77 62 44 36 39 94 82 73 51 89 81 97 97 18 33 61 46 45 24 89 84 94 52 55 44 40 46 92 66 58 93 38 41 24 65 72 65 6 21 57 58 85 45 17 39 93 32 77 67 56 19 54 94 74 72 83 88 108 93 73 27 67 49 80 21 67 16 57 45 64 38 70 93 36 78 90 31 68 73 49
78 36 79 53 34 97 57 90 65 86 65 76 52 74 42 16 65 48 64 44 94 107 35 31 63 42 92 53 56 85 78 66 112 84 15 83 30 49 72 86 58 37 63 91 90 87 110 33 41 16 44 33 63 25 32 32 42 31 46 26 99 84 94 81 80 23 39 41 35 107 72 103 79 87 102 49 58 42 86 103 52 74 50 95 60 53 64 94 73 65 21 30 26 20 75 22 15 28 69 65 55 27 34 22 34 63 108 91 34 33 82 82 90 59 52 71 87 77 31 43 77 55 43 33 53 89 91 79 40 89 89 83 90 18 35 37 31 56 35 82 76 84 48 59 17 37 33 107 65 50 82 44 66 37 48 98 43 14 31 62 70 83 39 26 50 93 42 72 66 58 36 66 90 70 68 108 70 95 114 80 37 51 62 92 38 54 39 60 53 55 44 70 90 34 67 76 55 97 82 32
82 25 88 80 23 88 40 108 81 87 81 56 58 58 62 15 43 58 84 41 86 98 36 26 56 35 83 58 43 82 102 53 107 72 19 96 30 26 71 77 82 19 70 104 71 87 105 44 48 27 30 21 88 20 49 38 41 10 70 12 99 88 85 87 93 19 29 45 14 84 79 92 53 97 82 59 52 51 101 98 57 61 49 93 43 55 83 89 75 76 14 29 35 18 87 19 34 51 82 83 62 28 38 24 40 64 83 77 61 40 69 80 85 54 66 79 93 67 32 62 63 49 42 29 52 84 79 68 42 82 81 108 88 27 24 58 26 49 45 98 78 80 40 67 19 48 46 111 56 75 78 35 69 25 44 88 54 6 27 61 67 100 47 30 44 71 27 95 64 50 22 64 100 73 47 101 85 111 92 75 30 59 38 87 17 76 20 56 46 60 55 60 78 52 66 71 48 77 82 29
78 24 76 72 27 91 52 91 76 66 69 71 79 62 53 13 56 34 62 27 88 113 23 20 73 31 86 71 41 105 102 55 114 64 29 85 52 45 74 69 80 38 46 97 77 105 95 40 38 18 22 12 76 26 59 31 59 9 51 7 93 87 82 85 106 18 49 50 39 80 88 96 83 106 89 55 56 49 107 83 50 65 54 87 38 57 76 100 63 64 41 17 31 27 83 40 31 30 75 58 58 47 50 35 35 61 97 92 57 42 73 93 80 52 57 75 83 73 42 62 77 76 42 40 45 93 67 74 47 99 89 96 86 32 9 46 46 55 27 90 80 75 53 55 26 47 42 92 58 63 82 49 61 39 43 73 61 14 36 56 76 99 50 35 42 74 40 70 54 65 25 58 82 44 62 86 63 97 108 101 21 44 60 75 21 62 21 51 70 56 49 74 86 29 66 97 51 89 86 38
59 37 89 79 26 82 32 87 81 72 56 66 59 78 68 21 67 51 82 44 83 104 21 35 52 28 79 52 60 83 88 72 92 76 36 84 44 44 89 66 78 31 56 106 64 78 96 24 42 28 27 32 85 25 41 16 36 15 67 19 75 87 77 97 106 27 30 50 22 94 65 84 67 93 96 67 62 53 81 85 66 68 58 104 41 54 82 94 48 58 23 5 26 16 79 32 25 52 70 81 51 47 41 20 32 69 81 99 38 49 67 92 77 49 53 89 103 64 27 52 91 61 67 32 38 85 90 66 56 77 95 110 71 18 33 36 46 42 45 99 68 81 47 61 36 51 18 89 63 69 86 61 57 35 72 74 47 30 16 53 65 80 57 23 55 72 41 91 60 41 15 54 91 46 45 110 74 104 87 78 18 46 38 80 16 52 38 43 50 59 54 62 95 44 89 88 38 91 83 41
83 16 76 77 42 101 47 80 83 72 73 62 56 78 58 24 54 59 59 16 86 105 19 28 73 42 91 48 55 85 79 55 97 69 32 85 39 30 95 76 62 43 52 93 70 105 87 23 57 34 37 34 92 18 31 30 51 35 44 16 92 76 81 71 91 23 34 51 20 85 70 103 82 86 78 50 41 52 101 93 39 73 60 97 61 69 70 94 61 68 38 8 28 14 88 26 15 28 83 57 54 37 58 5 24 49 82 91 47 40 65 84 74 44 52 90 96 87 40 46 78 47 57 42 59 89 80 74 51 101 88 93 80 26 29 53 24 50 42 86 80 94 41 79 45 64 37 85 63 48 91 33 61 46 67 86 63 15 22 52 70 96 55 25 45 70 46 66 74 40 29 69 97 69 67 104 84 94 92 82 26 67 54 80 32 80 20 40 55 68 43 69 80 43 72 98 35 69 77 47
76 38 78 79 26 99 32 85 86 60 69 72 55 67 43 37 60 50 59 22 93 99 41 21 70 40 81 58 53 99 91 51 104 76 7 100 31 26 73 56 59 29 43 94 76 94 89 24 59 5 34 18 63 16 55 33 66 18 45 11 98 71 86 74 105 48 29 53 25 82 68 96 63 83 82 76 51 59 79 85 60 63 46 95 44 60 89 80 51 59 38 19 54 13 85 40 28 42 72 81 59 17 44 14 16 74 92 89 53 29 70 76 89 65 45 85 84 73 42 34 71 47 50 49 46 88 93 74 54 103 81 90 91 18 13 39 31 57 31 105 66 97 57 62 22 64 39 109 60 66 68 34 51 34 65 73 68 7 14 67 61 79 48 26 49 72 39 89 79 49 38 66 96 51 63 98 64 98 112 81 34 48 33 75 11 57 20 44 63 59 56 84 80 42 69 97 44 78 77 25
76 27 75 83 44 104 51 88 60 82 56 53 50 59 49 34 53 42 71 26 98 95 23 29 54 45 64 47 52 83 76 49 91 67 25 105 41 39 90 84 71 35 50 114 79 101 101 20 66 28 33 38 68 12 47 39 62 31 51 25 95 75 83 83 102 24 32 64 33 107 66 97 75 80 85 64 54 39 82 99 47 60 51 80 53 63 92 77 73 60 32 30 38 37 79 24 30 54 91 70 42 41 45 20 21 55 97 75 36 31 67 82 81 61 57 73 103 89 55 63 88 48 44 37 61 102 90 66 63 87 105 109 97 24 17 38 50 64 19 85 92 77 58 80 39 62 23 101 36 63 67 50 49 52 63 90 46 19 12 52 69 76 38 13 50 89 17 77 65 42 34 55 71 56 59 102 77 104 98 73 25 63 51 84 14 81 22 46 61 44 37 76 72 35 75 82 42 84 72 24
