200 20
39 54 57 13 93 73 45 40 33 40 82 99 34 11 92 45 19 77 21 88 93 71 33 43 44 33 86 99 46 64 45 45 34 92 104 86 95 29 69 77 39 48 54 62 78 74 36 74 25 51 40 67 110 47 91 36 84 55 36 89 71 84 51 80 112 96 54 97 66 101 53 37 82 52 70 66 62 20 21 88 114 28 95 78 56 76 85 79 55 78 39 30 83 103 60 33 63 81 40 79 63 78 47 56 41 40 55 87 90 52 56 34 107 48 18 37 41 98 60 46 60 70 41 99 49 41 79 39 57 35 83 43 75 39 44 81 68 65 31 76 87 46 47 97 68 24 23 104 113 55 70 59 101 51 36 86 33 14 82 53 62 60 77 51 7 78 99 60 14 58 40 55 67 65 88 40 54 52 52 58 79 11 55 33 69 79 73 28 65 94 68 52 66 30 44 44 30 55 14 64
30 37 72 18 84 65 59 33 33 38 66 78 25 32 83 34 44 63 28 86 105 73 56 37 34 42 105 81 61 84 37 62 33 91 103 84 109 55 63 64 48 39 34 68 90 71 40 85 30 46 51 64 108 44 94 43 101 50 43 112 48 64 59 77 93 73 60 103 43 90 54 39 54 53 88 81 59 16 29 73 111 28 95 77 67 65 73 91 66 102 26 36 76 85 73 29 81 66 39 93 59 48 48 57 40 39 55 73 90 42 60 39 102 64 32 42 33 80 60 66 67 73 51 80 50 39 80 46 56 54 88 43 59 67 42 85 53 74 42 67 67 68 41 100 77 49 26 86 112 67 68 72 81 46 54 83 35 16 84 47 65 72 56 45 11 83 97 41 35 65 28 45 57 49 89 15 66 75 41 32 63 32 63 54 75 77 76 54 80 91 76 30 82 37 54 44 37 85 33 59
35 53 62 35 90 57 58 45 44 51 92 84 12 29 83 23 30 59 46 102 83 69 33 56 15 31 98 93 51 87 53 44 33 91 107 76 89 32 78 72 51 32 47 56 87 69 22 80 27 56 32 86 87 58 76 13 110 45 49 112 70 79 43 60 86 87 64 105 56 85 57 31 63 32 77 61 51 19 15 95 95 36 82 59 72 67 86 95 58 94 14 49 71 95 46 20 62 82 43 81 56 78 41 58 18 61 37 82 79 36 76 31 92 70 33 64 36 78 52 67 71 99 40 94 45 42 85 44 75 40 92 24 84 57 57 100 45 58 46 88 69 65 17 90 89 43 37 78 104 59 65 68 107 61 32 106 34 20 69 47 54 77 57 47 34 75 77 42 17 66 33 39 83 57 93 15 67 55 56 48 69 30 67 37 81 76 75 54 69 81 68 37 86 35 55 44 33 59 15 71
32 55 58 28 101 81 52 40 52 45 70 91 29 36 76 31 39 62 35 100 92 76 32 45 21 22 107 78 52 62 35 60 17 81 101 59 88 53 92 55 47 30 51 84 76 76 41 95 20 54 34 82 87 60 77 28 84 40 52 109 64 84 57 78 104 95 52 88 43 84 76 50 63 50 80 86 65 10 35 93 104 34 88 79 81 71 77 83 80 91 21 49 59 100 52 12 81 78 47 82 73 54 47 57 25 45 52 63 76 53 84 41 99 67 22 58 28 103 70 54 47 72 54 73 36 48 74 37 74 36 76 34 77 43 43 100 46 59 29 78 70 44 35 104 87 37 43 80 90 57 46 76 92 59 41 91 48 14 90 51 57 55 56 51 36 85 81 40 9 60 36 45 64 68 81 11 65 76 63 59 60 25 53 56 80 72 77 54 70 94 77 41 86 12 31 52 38 57 13 78
31 31 60 25 100 55 56 57 55 57 65 91 28 16 77 29 21 86 38 83 81 70 42 37 14 25 90 72 44 86 42 46 25 87 82 82 106 39 66 72 46 32 40 67 96 96 41 78 21 64 53 86 95 35 80 17 86 52 36 96 65 87 58 64 88 80 55 100 56 94 77 40 65 52 74 81 65 25 35 84 87 35 88 82 71 48 78 73 73 78 17 39 80 78 69 32 91 59 56 92 76 68 59 62 19 51 52 75 67 31 85 39 103 74 19 57 23 81 72 45 51 85 33 83 55 52 73 39 76 52 90 40 68 65 45 107 53 79 19 77 91 64 33 98 94 25 28 95 90 77 48 79 86 69 51 89 21 27 84 47 83 57 57 50 18 98 78 62 23 54 23 45 84 69 93 16 74 50 51 46 78 33 46 53 66 86 67 40 71 70 54 34 72 36 51 32 34 62 14 52
42 52 68 30 90 59 57 32 49 52 82 73 12 30 77 27 45 59 51 99 92 73 30 61 31 45 84 82 55 88 49 46 28 74 91 68 103 38 70 65 31 35 42 80 102 90 30 93 21 55 41 64 90 45 96 13 88 51 41 107 64 75 67 61 87 86 50 100 46 92 68 45 83 29 83 65 56 13 39 101 115 40 100 69 78 74 91 74 72 88 37 47 73 97 73 12 92 80 54 69 55 51 67 76 31 44 49 69 89 25 78 20 110 68 10 43 30 104 66 54 67 77 34 73 34 53 89 20 76 63 70 47 72 53 48 83 52 71 22 69 61 45 35 79 96 23 27 85 102 64 48 63 94 52 55 103 27 31 61 39 76 66 58 56 32 98 86 51 33 48 28 50 70 63 100 36 74 69 57 54 77 30 68 41 69 101 68 29 83 73 58 29 75 9 32 51 28 65 12 54
35 41 74 16 86 82 47 28 32 30 78 75 40 11 100 37 19 69 33 92 82 89 53 58 19 38 101 94 60 59 39 60 36 70 93 58 98 32 88 65 25 38 38 62 87 77 34 97 36 46 33 85 93 59 86 43 93 41 44 84 54 65 40 80 88 74 79 82 39 81 57 57 61 36 79 80 66 19 21 85 92 31 82 79 70 54 88 99 81 101 20 26 66 89 72 6 92 55 66 65 75 59 39 73 40 64 56 77 75 38 76 19 89 49 37 56 42 102 71 54 53 85 56 73 47 54 87 44 63 61 93 23 63 50 56 84 48 74 30 61 90 68 33 84 93 28 29 92 106 77 43 66 89 74 46 79 46 16 71 57 59 67 76 43 20 97 86 51 9 52 29 51 85 61 105 37 73 74 53 45 68 19 51 49 73 86 64 38 76 76 54 28 78 32 46 48 30 55 17 80
38 29 50 11 91 55 45 41 36 29 67 70 29 18 86 36 25 89 36 105 85 71 49 51 37 34 91 72 67 77 43 36 38 95 86 62 84 41 81 54 35 30 56 60 102 68 39 100 31 50 34 56 90 34 77 31 86 61 37 98 47 60 63 77 93 85 61 88 66 82 53 60 71 42 67 74 53 32 13 97 87 22 77 56 63 74 81 79 60 78 16 37 81 78 73 21 85 70 66 86 77 73 45 63 39 54 29 89 85 24 68 18 86 71 13 46 37 82 50 43 47 81 28 96 45 33 81 44 49 59 75 49 79 48 60 82 39 83 28 85 87 61 37 104 72 35 44 88 97 56 57 77 87 56 54 103 46 31 67 52 68 81 58 34 27 92 78 56 38 56 38 36 73 42 98 20 59 52 45 53 69 10 66 46 66 88 86 53 67 72 63 46 73 19 33 45 39 82 11 52
31 37 68 27 107 57 34 53 48 57 71 95 26 16 88 48 42 64 40 100 96 74 32 43 33 40 104 89 43 59 49 65 12 88 85 86 96 31 84 54 48 43 37 63 77 93 15 104 48 76 39 77 99 54 94 40 101 33 52 105 42 87 53 80 89 91 54 106 66 95 61 38 70 43 84 72 56 29 33 82 113 40 71 67 77 56 75 80 65 86 33 45 56 101 60 16 83 56 38 82 62 48 58 75 40 63 37 65 87 32 64 28 91 69 31 47 18 83 73 58 71 87 41 81 38 58 89 17 51 47 85 28 69 61 57 106 52 82 36 78 81 41 29 101 78 21 46 91 105 68 61 77 88 62 58 101 37 12 83 54 62 68 61 63 9 89 80 67 22 66 49 43 80 64 105 17 73 51 44 32 81 5 58 50 66 74 76 34 55 71 48 31 84 10 30 34 33 77 27 77
53 38 73 16 97 73 47 29 43 36 70 76 35 20 82 37 16 63 43 77 105 90 32 66 21 28 106 80 61 74 47 50 25 83 85 69 107 37 78 63 49 47 39 61 93 72 30 104 28 64 31 69 104 52 76 41 92 42 37 85 62 71 64 86 109 94 74 100 68 102 56 56 71 24 94 88 60 6 27 74 94 47 92 62 69 59 94 83 71 94 37 34 66 103 64 9 85 66 54 78 65 62 60 70 43 45 30 70 80 53 80 35 110 66 22 53 30 83 67 65 49 85 37 89 27 52 89 24 52 43 94 35 75 46 44 90 69 76 30 63 72 63 28 102 74 32 52 90 109 71 50 85 93 57 52 97 37 17 67 57 57 58 75 42 25 80 87 42 26 52 30 51 75 44 105 30 71 57 53 60 63 30 75 42 62 92 86 52 54 92 70 32 71 15 55 47 37 79 14 57
50 51 49 17 99 79 48 56 54 56 70 80 22 19 103 24 42 76 44 100 100 61 54 37 21 25 99 80 47 75 32 57 13 67 86 67 105 28 69 60 35 46 57 64 79 97 14 104 40 46 25 70 104 58 96 29 84 52 36 82 53 74 56 64 90 93 74 106 56 91 53 36 81 30 67 88 64 35 14 94 115 22 90 83 56 50 98 76 54 83 33 44 71 106 54 33 74 57 48 64 83 75 47 63 28 42 36 87 67 45 64 27 105 64 32 49 33 90 50 68 62 87 36 71 38 36 77 27 52 62 83 34 81 61 59 109 65 70 26 60 65 42 22 79 83 46 33 106 101 55 66 70 86 47 51 79 47 11 66 64 62 55 79 52 34 89 78 63 16 50 46 56 71 61 90 34 71 73 47 41 65 32 68 29 84 91 69 37 64 89 60 48 84 33 35 42 34 74 13 53
45 37 58 26 93 56 60 42 36 57 88 91 35 9 91 46 41 66 37 85 104 81 58 57 30 20 89 98 66 75 48 54 20 76 102 85 97 48 74 56 46 46 37 84 94 93 31 89 19 57 36 65 100 62 75 27 81 36 31 110 55 83 38 79 105 71 62 107 46 84 63 33 75 37 68 76 67 19 26 85 91 47 74 58 59 71 80 83 68 100 10 21 79 81 45 20 88 81 64 66 84 57 59 67 43 35 44 80 91 49 80 13 92 62 28 47 23 100 55 45 63 99 43 96 40 56 71 38 75 50 69 35 86 57 53 93 65 76 45 81 67 68 39 89 88 46 40 80 83 67 69 63 99 55 56 94 32 40 83 50 72 77 57 51 34 85 75 65 26 41 24 63 67 66 104 19 69 55 58 51 63 24 71 40 78 98 76 45 59 78 49 35 92 32 28 38 43 61 33 72
45 42 70 25 84 56 35 30 45 40 89 86 38 21 79 49 41 87 41 80 91 76 35 41 16 44 100 87 44 74 38 64 33 79 98 66 103 47 69 66 41 32 53 64 94 77 15 91 43 48 27 66 106 42 89 23 86 59 45 101 66 71 42 86 107 71 60 94 60 91 54 32 63 38 94 82 67 14 15 90 99 33 93 80 70 60 89 101 83 73 36 44 72 107 67 16 85 53 43 73 83 54 41 83 36 60 31 84 75 47 83 22 99 74 33 50 24 79 53 55 42 87 47 95 25 61 74 34 68 49 80 34 76 43 53 79 52 80 18 64 81 62 18 102 73 26 33 91 108 64 66 59 106 65 41 79 36 33 61 47 56 64 80 54 36 87 86 49 31 45 34 53 60 46 76 12 59 58 39 52 71 5 47 44 88 95 65 43 72 85 53 37 93 38 57 41 19 77 11 67
31 41 76 16 85 55 38 38 38 28 68 95 14 16 77 45 21 66 28 84 105 61 52 54 35 33 102 98 56 67 51 38 25 67 109 64 94 45 67 81 48 23 35 59 88 81 16 104 47 72 40 78 112 38 68 25 98 62 49 91 54 80 63 84 112 80 67 90 57 87 67 41 53 47 74 86 58 9 13 100 90 46 78 66 73 48 98 94 70 81 14 33 72 90 69 19 64 73 66 75 83 52 65 83 15 60 39 73 67 39 59 20 100 73 15 36 24 97 72 46 50 96 53 76 54 45 95 34 49 43 90 47 58 64 42 79 50 85 28 73 75 68 23 84 72 28 27 82 92 56 56 62 85 70 33 96 43 19 87 63 82 61 55 45 24 82 89 42 11 59 29 49 76 47 91 16 72 61 43 54 68 34 47 46 61 93 66 42 64 80 66 37 67 23 38 34 43 73 18 63
52 30 68 27 102 72 46 39 34 58 73 81 19 11 94 22 38 63 35 100 102 87 56 38 34 39 97 81 58 84 55 65 27 84 89 82 85 37 89 70 46 31 52 75 79 96 37 75 37 50 50 66 93 60 94 35 88 59 57 107 71 82 56 78 90 75 58 109 40 91 68 32 79 48 93 64 63 34 14 92 109 48 94 69 74 66 75 77 73 80 23 45 66 85 59 34 64 81 54 66 76 50 49 60 38 54 51 72 77 50 81 16 92 51 18 56 28 100 56 50 64 85 55 88 31 58 91 17 71 39 72 33 75 65 58 92 60 78 41 80 80 67 34 100 71 32 42 78 89 69 51 75 83 47 47 91 21 13 65 36 70 57 60 63 26 93 70 51 25 63 34 55 59 43 86 25 64 58 40 44 56 25 49 48 88 81 83 35 54 89 55 32 64 17 51 48 20 61 39 56
58 41 50 29 95 77 41 45 42 51 75 80 28 38 103 36 23 73 42 91 103 84 41 60 36 47 104 93 51 68 52 39 26 77 96 85 84 50 64 70 24 30 54 64 77 85 16 85 39 62 40 63 90 35 91 19 92 36 30 91 68 70 41 66 107 95 76 85 44 105 54 43 59 35 79 88 58 21 21 98 101 19 98 76 81 67 98 72 75 91 16 49 86 96 61 16 67 74 41 86 57 50 62 73 42 37 51 84 78 41 58 24 92 61 19 41 23 79 70 67 67 92 35 77 37 40 97 23 65 38 68 40 85 43 57 80 53 73 28 88 63 42 24 107 87 50 29 90 113 82 51 69 107 57 48 100 36 38 85 49 58 62 63 47 27 91 74 57 22 56 23 64 78 54 98 28 70 58 35 42 77 17 60 32 64 74 66 53 61 89 73 50 70 33 29 44 37 79 39 61
33 28 68 25 82 67 43 34 33 55 67 96 39 22 77 36 35 64 43 100 102 85 55 62 31 38 86 88 56 87 45 42 16 93 101 65 92 43 85 80 42 22 34 86 99 72 32 89 45 75 25 79 93 56 80 38 103 41 45 112 50 85 66 75 87 86 76 84 53 108 71 52 56 50 89 66 54 14 37 100 113 26 85 63 67 73 80 102 54 83 9 37 86 97 47 16 90 55 49 80 77 50 47 61 33 44 37 66 91 34 71 15 97 72 29 64 21 84 65 54 58 88 52 95 49 36 98 19 77 44 86 44 83 45 39 87 61 85 45 61 74 58 43 100 84 27 33 92 109 55 51 87 84 74 43 90 23 11 61 48 74 64 80 45 13 100 78 63 36 55 40 55 72 59 99 20 51 71 55 33 62 7 68 46 60 83 76 34 76 73 76 52 79 19 36 46 35 83 27 68
30 55 52 23 83 83 30 36 30 40 75 88 13 38 94 23 33 84 26 91 89 86 29 51 23 38 108 100 41 80 33 35 25 82 102 67 84 27 89 68 43 18 29 66 98 95 17 101 45 47 46 78 95 46 97 19 84 55 57 84 51 62 46 67 103 70 62 96 50 90 60 35 54 40 96 64 45 35 25 94 106 38 73 70 84 54 87 76 77 99 25 47 80 100 57 36 74 75 65 68 65 65 44 83 20 65 55 84 92 38 70 23 85 58 12 36 23 90 61 66 44 76 54 82 29 51 101 21 62 41 68 25 62 65 56 88 40 74 33 82 86 39 24 101 82 43 39 104 94 61 68 58 86 75 49 102 37 17 82 39 75 74 79 58 23 90 99 42 25 45 25 38 68 58 102 13 49 49 45 39 62 6 59 52 72 88 89 46 60 74 69 41 86 21 56 57 34 72 30 56
39 32 70 27 104 79 55 50 39 32 71 82 40 27 91 20 21 74 38 87 79 61 37 66 36 29 98 102 50 79 53 36 40 88 107 85 88 39 67 62 50 43 36 86 89 77 36 102 24 54 39 80 100 62 76 40 89 34 29 95 67 65 41 86 103 90 61 105 54 92 64 39 60 31 84 73 54 30 27 101 87 30 93 76 57 66 87 77 66 96 15 40 62 79 54 19 90 74 45 79 68 49 65 70 29 47 39 89 72 30 77 40 95 73 22 51 23 88 74 48 55 99 33 91 49 57 81 22 58 38 88 32 63 46 59 104 68 83 24 72 80 66 23 78 75 44 36 78 100 71 71 58 86 74 55 80 20 39 81 43 77 60 53 36 12 80 85 54 27 54 29 63 71 47 86 41 49 47 41 62 77 26 75 54 65 81 73 25 56 95 68 48 66 37 28 48 29 84 33 58
49 36 66 16 77 83 49 47 52 42 77 92 35 19 88 23 40 86 47 100 87 85 42 57 14 38 104 75 53 86 32 48 39 72 104 59 92 46 83 58 42 27 52 60 92 81 34 104 31 55 46 82 112 60 71 38 90 36 53 85 44 81 67 79 113 98 73 82 67 96 55 53 53 50 95 68 50 29 10 87 104 30 95 65 72 52 86 79 84 101 17 30 61 104 54 24 88 58 67 66 68 52 40 70 22 49 29 65 71 34 72 41 88 54 19 51 28 97 56 43 55 70 42 71 43 54 101 17 62 54 83 45 71 58 65 83 53 76 37 74 85 62 28 102 88 21 31 78 88 56 42 61 93 76 41 98 35 33 87 46 68 51 77 38 26 94 93 40 23 53 35 39 69 60 105 15 73 73 55 47 79 29 51 40 87 99 68 44 81 76 68 39 71 34 48 57 35 67 15 70
