50 10
83 82 82 102 64 56 113 76 35 102 75 61 66 37 91 38 66 98 52 51 59 62 31 56 7 105 27 80 78 93 31 32 46 95 99 26 77 80 35 50 18 24 85 85 97 102 90 90 104 91
82 103 92 95 53 32 111 85 26 94 87 64 79 39 94 31 55 82 36 49 59 74 56 71 29 96 49 69 90 83 20 26 51 75 97 27 76 88 54 55 23 23 85 83 78 79 101 92 85 88
97 79 64 94 82 43 103 68 21 84 75 71 71 31 82 39 53 77 52 26 61 81 49 46 34 94 23 57 92 99 32 11 40 85 87 40 65 94 50 65 24 41 92 88 93 84 103 107 93 77
100 92 65 91 79 56 94 67 26 82 79 53 79 57 98 33 64 82 37 30 76 73 42 51 37 97 46 61 83 95 29 25 31 76 95 41 70 105 35 48 47 21 99 75 78 102 78 99 97 92
97 78 88 98 73 37 114 85 46 95 80 64 51 27 92 27 40 79 40 39 69 63 44 73 24 90 44 84 87 89 39 10 30 73 78 41 54 96 31 42 42 24 85 74 76 80 92 97 108 80
95 82 93 100 78 50 107 75 45 78 69 72 79 51 97 23 54 103 65 27 68 73 36 49 11 90 37 72 80 74 27 19 48 72 103 38 76 82 54 44 41 24 96 100 71 98 78 80 102 80
96 76 88 82 66 36 88 56 37 94 77 48 59 50 84 37 66 101 64 36 64 68 49 75 22 107 30 74 80 81 49 18 44 80 99 51 72 84 32 49 44 32 106 84 91 87 102 104 96 73
78 95 65 94 69 53 102 82 22 80 62 49 59 40 91 43 45 91 62 42 84 62 32 67 11 88 33 80 95 84 23 10 53 82 83 49 56 76 41 65 21 35 85 70 79 104 104 89 99 78
96 92 64 80 76 47 105 65 20 99 71 60 67 38 108 43 41 85 62 44 61 83 55 49 9 81 23 61 99 77 41 30 25 78 98 27 82 103 49 57 37 33 92 90 79 76 103 102 96 71
80 104 75 97 65 59 111 66 22 82 80 70 59 40 102 34 50 78 55 47 82 68 33 69 26 109 24 59 87 95 40 25 30 91 95 41 80 94 30 57 24 37 112 79 74 87 101 81 109 86
