100 20
40 69 44 26 70 50 46 53 60 85 104 86 31 78 106 65 36 8 81 78 81 48 47 31 61 74 47 75 37 82 73 80 53 77 57 76 28 80 51 47 47 54 46 39 56 75 69 86 103 111 61 27 45 51 35 48 36 84 89 38 51 66 108 24 58 81 40 49 59 92 111 29 78 32 102 101 94 9 33 99 21 86 16 82 13 61 47 30 74 93 32 27 51 58 74 85 56 79 94 61
39 53 24 43 56 47 49 52 52 89 112 102 28 59 110 71 44 7 67 79 68 71 75 49 38 71 38 84 41 59 81 71 48 71 63 61 44 108 64 41 66 61 59 42 56 64 54 76 112 91 74 28 36 59 38 47 43 67 76 36 55 58 99 46 64 69 21 41 58 68 98 13 82 43 98 106 93 11 18 88 34 77 13 75 39 64 45 45 87 74 14 32 38 57 63 99 64 92 79 62
32 54 36 33 49 49 46 52 59 90 111 113 33 61 82 75 49 32 71 84 78 47 52 37 58 49 63 88 27 78 57 62 56 77 74 54 31 93 51 36 57 55 60 35 81 68 50 98 108 95 51 26 36 68 38 42 55 66 76 21 42 45 86 39 69 86 23 47 61 79 103 28 91 48 89 83 96 25 11 77 34 85 18 77 15 46 41 47 89 81 25 23 33 44 66 94 67 89 96 73
37 42 34 22 53 32 62 73 60 87 94 96 26 49 91 72 42 9 57 77 84 55 50 31 32 68 54 83 48 68 69 57 69 78 65 52 29 80 65 35 40 68 61 30 68 58 72 101 86 97 75 39 51 61 25 56 39 57 84 27 65 54 104 38 58 84 15 64 64 79 115 10 93 35 96 91 94 35 18 98 26 66 27 76 29 44 31 23 71 80 35 27 55 33 77 94 76 88 95 71
26 46 42 43 71 33 60 73 57 86 84 107 43 53 86 69 47 24 79 78 91 58 70 37 33 49 59 100 45 69 57 78 49 84 57 68 24 87 42 26 46 53 56 49 62 79 71 86 113 92 77 27 34 48 31 41 33 57 88 37 51 64 83 23 50 63 40 45 68 65 98 25 85 22 101 106 96 38 15 90 33 73 20 82 33 44 26 47 67 76 15 20 41 43 63 88 53 78 103 63
43 51 22 29 54 28 54 76 50 82 107 106 37 67 89 67 48 18 72 72 83 66 53 37 58 50 43 91 45 70 63 66 63 95 65 58 23 84 42 39 67 57 71 34 65 77 60 81 102 105 67 24 30 61 24 64 31 78 95 16 64 49 101 27 47 89 36 54 62 74 94 31 89 42 108 97 101 28 23 93 42 76 19 89 16 51 41 47 90 93 28 35 54 48 92 76 70 96 96 85
54 55 41 43 67 47 65 81 49 77 84 91 45 61 84 62 52 6 64 67 83 72 71 44 38 74 60 76 50 68 54 59 71 74 54 56 43 109 40 49 69 60 66 47 74 74 50 81 98 86 56 25 31 44 37 40 51 60 84 19 64 48 93 45 55 85 35 49 61 66 102 33 95 51 98 91 81 36 13 79 34 87 15 84 28 49 30 47 81 72 41 37 31 44 69 95 73 83 86 71
43 44 40 38 65 27 47 67 48 74 87 100 27 78 85 76 43 15 77 75 76 49 59 25 46 60 38 80 40 78 52 70 69 76 75 72 29 103 49 37 43 48 72 32 78 81 59 87 90 100 53 37 29 45 24 46 42 65 92 27 70 51 91 26 69 77 34 44 70 93 104 25 85 48 110 96 108 23 24 104 32 87 26 74 42 57 23 50 74 70 37 36 47 47 91 91 72 94 103 67
39 47 45 20 65 43 67 78 56 87 112 95 25 70 87 67 49 9 59 70 74 49 59 25 37 56 39 104 49 73 68 77 69 85 75 55 31 85 42 54 64 62 49 28 60 81 47 85 109 101 64 42 46 47 45 56 52 73 98 19 65 71 92 49 64 83 23 64 58 67 114 37 71 46 108 102 81 33 14 99 30 77 31 78 25 46 49 24 71 94 14 27 39 55 89 98 52 72 82 68
29 48 36 36 70 50 54 74 39 71 105 96 44 68 87 47 48 6 79 67 77 58 62 34 45 53 51 77 45 67 63 72 64 78 57 49 21 90 37 51 42 69 54 48 63 75 70 73 97 91 75 30 48 68 31 62 37 72 97 20 58 54 106 23 52 69 36 43 65 87 108 36 87 24 104 79 95 35 18 95 38 74 34 65 38 70 50 30 66 92 32 34 53 46 75 103 61 94 80 72
32 65 52 35 76 46 47 66 65 94 87 89 47 68 99 61 41 10 75 92 92 66 50 35 58 78 66 100 32 80 59 69 57 83 63 49 33 98 40 50 43 73 60 25 80 59 44 80 104 111 77 47 27 51 50 62 30 73 92 27 62 61 86 20 66 68 32 41 68 67 106 9 68 35 98 103 96 8 12 81 47 70 34 87 31 63 31 26 85 71 17 16 55 35 89 73 72 82 103 88
48 46 48 47 64 40 50 81 66 75 82 115 36 49 91 77 58 13 73 79 91 57 49 51 47 61 44 79 50 61 53 84 66 99 65 67 33 109 39 52 46 64 45 27 61 74 50 99 86 106 49 28 28 72 24 48 50 74 94 20 43 71 100 45 50 77 15 61 61 69 85 11 83 27 89 98 103 33 37 98 27 74 12 77 34 66 42 33 82 70 33 42 53 49 71 74 76 97 75 76
31 52 38 49 71 28 73 53 47 81 87 88 21 78 107 66 43 7 81 70 78 71 63 37 32 58 66 76 35 83 74 75 60 93 72 52 28 92 55 35 49 53 68 25 71 59 66 102 98 106 76 39 56 51 24 46 46 68 89 18 61 45 93 44 50 81 28 58 70 72 96 27 72 27 94 86 99 30 33 104 38 88 32 95 36 68 48 24 71 74 31 30 38 59 90 75 54 83 94 69
50 50 47 38 63 23 74 62 45 95 87 113 39 61 89 67 48 35 78 86 72 70 62 52 40 50 52 97 34 60 59 80 74 90 52 49 24 80 51 55 67 50 70 22 73 53 59 93 98 97 66 48 45 62 22 43 40 64 102 24 64 73 102 30 47 67 33 69 76 93 97 13 84 29 92 101 97 25 36 89 38 77 33 92 26 74 35 39 82 89 28 24 30 53 90 84 59 93 101 82
46 53 29 39 61 47 74 75 54 98 104 100 45 65 103 72 45 22 79 84 94 49 64 29 45 66 42 93 54 79 72 77 66 98 75 73 33 106 40 28 53 53 66 19 58 81 67 84 91 110 56 26 28 68 30 58 26 83 95 12 60 48 97 40 70 72 44 46 64 84 101 32 91 30 101 87 110 19 29 104 43 74 11 88 22 63 44 33 88 80 32 13 52 63 91 85 59 83 90 85
45 62 31 46 53 23 44 67 53 93 108 85 37 71 81 75 64 17 67 71 86 47 71 42 32 53 47 78 55 69 54 65 66 94 57 55 43 80 36 29 67 54 63 19 60 53 48 82 90 101 78 39 50 53 46 65 42 62 103 25 49 51 108 28 65 63 41 70 50 81 90 26 93 25 87 90 105 27 19 102 41 82 10 72 24 58 30 43 73 80 31 22 38 37 69 98 48 86 90 69
52 52 50 35 48 53 60 80 55 76 94 90 46 78 94 66 58 36 64 85 68 60 64 30 47 55 47 97 42 76 55 59 60 98 69 69 23 90 42 50 62 73 63 21 64 63 51 96 114 113 67 31 27 72 29 41 55 81 77 23 44 56 90 43 43 68 24 45 60 85 88 36 86 47 95 93 107 21 26 97 33 65 26 85 38 58 33 30 94 91 27 14 32 46 68 102 49 101 84 79
50 59 30 37 75 28 71 53 41 77 98 113 32 70 98 56 45 15 68 89 75 59 69 43 59 62 62 98 28 66 62 77 53 94 65 52 51 94 58 52 50 54 57 30 74 77 66 83 87 115 55 27 37 64 24 61 29 74 82 15 67 46 87 30 42 65 25 59 77 91 98 19 87 46 88 92 104 22 16 104 20 78 36 74 13 55 29 31 94 89 18 17 59 41 63 94 71 89 84 81
38 62 40 45 53 30 65 66 62 76 91 106 42 73 98 67 39 12 81 71 85 47 65 27 54 70 41 82 41 82 77 80 66 83 73 73 23 92 63 33 40 69 58 49 73 68 53 85 105 112 57 29 42 66 51 52 34 78 87 13 68 62 104 35 65 72 39 51 75 64 91 25 81 24 94 85 88 25 18 78 41 74 14 92 38 48 27 29 88 88 35 36 55 52 72 85 57 83 100 88
56 52 52 47 72 33 54 61 37 87 103 110 29 70 94 61 51 22 80 80 76 75 65 38 54 59 37 76 30 81 55 70 61 80 47 66 36 87 40 30 64 47 45 19 68 79 48 100 109 103 69 45 40 48 39 62 45 76 90 12 48 54 92 41 72 88 43 64 74 74 94 11 80 21 85 94 84 13 37 77 18 63 9 82 15 63 25 38 79 66 17 40 48 53 77 98 65 81 77 80
