200 10
89 84 70 91 67 44 37 48 110 66 57 62 80 94 103 66 61 93 70 37 17 63 71 29 42 88 79 13 70 50 54 34 51 20 70 98 19 54 83 97 40 53 31 61 47 101 73 85 74 12 61 77 13 37 86 35 19 30 63 45 30 19 37 46 86 57 54 83 28 40 25 105 95 93 64 78 71 79 72 32 21 88 93 71 7 114 42 70 67 44 36 90 43 26 102 71 46 24 69 38 42 29 12 71 95 87 74 63 34 83 29 65 65 21 88 40 90 50 24 101 60 38 102 23 50 71 35 32 47 49 45 63 62 56 51 17 26 95 35 15 57 39 17 44 81 18 104 64 96 52 22 58 59 64 57 50 45 86 65 49 74 56 66 42 93 35 26 50 53 101 36 92 69 89 34 101 82 15 72 63 17 87 90 20 26 51 37 85 50 81 21 19 75 85 79 73 32 80 75 56
94 86 87 101 72 37 18 28 91 66 73 59 78 92 111 37 58 85 91 42 22 78 66 34 69 86 96 16 68 35 52 18 33 42 78 96 29 75 84 109 58 57 36 68 20 99 81 86 50 21 51 77 32 39 70 12 35 9 61 43 8 29 44 72 76 67 54 84 13 31 22 92 92 99 63 93 44 98 90 35 40 96 86 60 8 103 36 72 50 70 61 100 41 35 101 59 59 47 79 62 40 41 41 70 96 99 73 49 52 95 38 67 64 17 82 27 90 47 18 95 71 27 92 25 46 62 41 46 56 47 25 52 79 50 49 44 33 83 13 19 46 44 24 44 92 13 111 64 70 66 19 60 39 41 46 64 54 72 56 46 77 58 57 63 96 29 32 54 70 84 22 111 87 84 30 76 100 42 56 68 17 87 92 22 37 46 46 75 62 82 39 41 82 83 100 98 45 97 94 59
86 104 63 98 62 37 27 58 96 89 76 50 67 105 89 41 56 91 70 32 28 79 60 25 48 82 70 17 70 49 62 28 34 31 76 102 31 76 72 99 42 54 16 67 34 91 91 67 66 24 43 85 31 49 69 36 26 21 61 26 8 25 58 68 85 67 65 94 23 38 51 108 91 87 54 93 45 84 70 38 34 90 99 72 19 102 41 45 58 51 43 113 40 17 114 50 32 27 73 50 64 43 14 58 96 86 70 49 38 87 29 80 73 10 85 41 86 44 19 79 67 28 87 11 44 89 31 37 31 55 27 54 59 71 51 41 14 72 24 42 37 48 42 63 76 41 84 67 82 68 39 51 32 45 53 48 62 81 58 57 77 43 46 50 98 24 9 56 43 101 46 97 84 84 36 99 94 30 70 67 41 74 95 18 34 37 41 89 59 75 26 17 71 85 78 79 42 87 98 52
95 82 76 97 75 54 33 51 101 93 66 50 77 104 91 62 83 72 69 35 15 82 76 26 42 85 90 12 67 41 63 14 34 40 78 101 5 72 101 99 37 50 27 86 23 103 85 58 63 11 43 88 27 30 82 28 18 26 59 24 23 35 41 49 87 76 67 95 5 40 41 90 89 102 49 90 59 85 89 58 18 90 87 65 18 108 59 44 51 51 40 100 17 39 108 68 38 18 68 43 44 14 22 59 88 83 80 59 47 87 15 68 61 25 86 35 86 41 33 84 76 30 98 28 46 62 48 40 53 36 31 58 77 64 22 33 19 79 14 23 45 63 31 65 94 30 82 77 75 56 27 45 42 63 42 48 67 76 72 68 72 50 53 41 110 8 32 42 49 94 32 103 83 89 16 83 74 21 85 50 25 92 93 33 17 42 49 70 61 91 17 37 72 88 78 93 25 93 78 76
80 101 83 97 81 43 35 44 108 71 70 52 80 81 109 50 75 72 72 40 31 78 65 41 40 81 72 31 86 28 62 28 49 15 97 81 10 52 74 109 50 44 25 76 19 101 82 64 53 20 54 101 10 28 83 35 26 18 54 48 35 18 42 44 86 60 76 89 35 18 46 100 94 87 57 97 61 87 74 29 25 84 73 61 30 88 46 65 61 47 40 96 42 28 90 61 46 37 86 63 48 42 19 70 92 89 68 66 50 70 29 74 55 27 67 46 91 48 37 76 56 42 90 37 71 76 30 53 29 33 36 60 66 48 37 21 34 94 19 21 48 36 14 74 90 19 112 54 80 70 35 66 41 64 69 77 61 85 67 50 73 42 46 40 85 18 24 54 43 98 29 87 69 78 17 78 90 40 56 68 31 92 103 20 19 37 32 90 64 80 36 28 69 68 82 85 21 89 87 79
78 75 86 100 62 51 22 29 85 91 70 61 85 84 91 56 59 72 85 47 22 90 59 37 46 111 79 31 66 42 67 23 32 42 71 81 26 62 100 114 54 53 24 62 40 87 67 80 50 12 60 91 28 30 72 17 18 29 66 24 11 23 63 51 72 73 53 98 8 41 36 88 101 105 73 105 71 72 70 30 18 102 96 80 20 101 36 46 70 56 57 98 15 21 98 56 41 18 67 56 37 39 21 74 92 101 59 62 56 83 19 67 55 31 89 37 88 45 29 97 79 32 89 36 64 87 31 52 38 57 39 52 71 77 32 20 35 82 12 24 42 60 16 45 77 13 102 66 73 64 15 51 51 42 48 53 60 87 46 58 62 59 59 42 109 22 8 63 56 87 40 93 75 76 37 77 75 14 60 66 17 80 103 14 16 63 33 69 51 86 46 13 81 73 86 95 44 102 93 63
97 78 77 76 69 41 20 56 103 77 73 46 66 90 106 56 57 82 91 22 25 62 65 39 44 83 91 32 85 36 71 10 37 12 83 102 18 71 85 111 55 64 35 75 38 103 88 82 49 11 45 78 37 30 66 16 27 31 47 51 22 33 33 56 89 67 60 98 31 21 21 94 113 102 55 84 47 75 69 40 39 94 80 67 24 90 48 66 62 65 53 92 29 42 103 72 53 31 76 57 55 24 14 73 75 98 66 61 37 79 19 52 56 30 60 47 87 36 21 76 76 26 94 28 68 79 53 44 31 52 29 54 61 70 38 17 15 95 11 23 56 36 40 60 89 19 93 58 91 55 13 49 60 55 44 52 56 89 72 51 82 62 48 49 104 25 6 53 67 102 38 102 73 73 8 90 96 38 56 65 45 73 99 40 25 42 34 75 46 68 40 24 72 76 79 93 38 84 73 56
72 77 78 85 76 54 34 34 93 89 61 36 66 84 113 42 55 74 94 45 12 79 66 43 69 94 91 37 85 22 52 31 51 26 76 101 8 63 88 90 58 66 14 85 48 81 91 78 56 11 63 89 18 36 61 14 26 26 57 34 23 37 33 65 95 84 51 98 33 28 38 91 103 106 54 83 67 81 89 37 42 96 74 61 19 88 40 74 69 41 40 98 32 25 115 55 57 48 64 49 45 15 17 46 73 106 66 73 38 95 20 52 55 7 61 34 95 39 25 77 71 45 106 24 46 75 43 52 32 42 39 61 76 74 30 43 31 74 12 37 45 43 31 45 91 37 92 75 88 75 39 62 47 56 69 66 75 83 65 60 57 66 48 38 85 29 35 33 59 99 37 93 66 67 28 83 100 26 69 54 44 85 90 27 24 44 58 86 56 76 36 14 67 66 91 93 47 91 79 77
73 89 70 91 62 45 39 51 87 91 49 41 65 89 95 63 67 85 77 36 11 72 80 44 44 81 75 22 82 47 72 14 54 39 77 73 13 66 82 105 43 62 19 65 42 102 70 87 73 16 53 84 35 52 68 25 27 16 73 36 25 19 33 73 86 62 73 100 11 22 48 94 101 85 60 85 66 92 86 45 13 89 75 72 33 110 64 66 76 41 43 108 43 19 87 54 46 38 81 53 41 19 32 66 94 109 56 64 46 91 16 56 81 17 70 31 84 33 27 79 73 27 104 16 41 78 54 27 44 29 24 73 78 61 51 38 26 77 12 17 39 62 37 68 94 29 105 67 90 64 37 58 34 58 61 70 54 91 72 46 76 59 56 41 113 16 12 54 60 82 44 111 71 83 26 81 78 28 67 64 33 79 102 42 17 58 46 71 38 78 18 34 83 89 86 87 23 84 76 81
93 76 62 84 71 41 34 52 100 81 63 56 79 94 95 62 76 87 68 47 13 67 86 41 46 82 73 30 89 25 74 18 24 12 88 91 8 70 82 95 36 48 27 82 48 86 77 60 47 13 34 72 22 28 65 37 13 20 64 37 22 21 53 45 69 65 53 101 18 33 49 92 92 108 47 96 65 95 87 55 17 99 96 63 24 96 54 49 73 61 45 99 22 42 103 65 32 42 66 57 58 36 15 60 78 93 79 55 36 69 31 76 60 19 59 51 82 39 33 90 66 51 86 25 47 71 46 29 54 52 42 59 65 76 38 20 38 93 21 14 56 43 31 48 79 26 91 75 92 57 34 62 43 54 56 75 60 92 64 47 75 42 45 45 107 27 10 54 48 81 30 104 88 81 7 93 83 19 57 54 25 91 103 34 22 48 55 89 50 92 20 27 68 61 84 75 21 109 81 63
