200 20
75 29 63 40 80 66 49 18 30 87 92 66 58 73 95 43 14 104 71 70 63 28 70 81 62 49 31 91 30 20 84 70 17 72 42 36 74 42 52 31 65 35 30 49 69 69 45 71 33 92 39 88 18 52 89 31 93 17 31 73 49 65 62 88 84 82 50 67 94 97 73 40 88 97 79 63 74 71 57 69 66 28 25 18 36 9 31 83 55 76 59 77 107 57 49 64 90 90 85 95 43 73 102 56 47 52 73 106 77 56 64 65 80 41 84 37 10 102 44 94 54 68 66 64 41 27 23 52 91 68 57 20 70 60 56 41 81 38 87 40 33 53 92 94 76 13 51 42 38 74 36 57 87 47 12 57 66 31 69 50 44 99 107 29 96 35 96 8 81 13 57 47 86 42 19 45 55 68 97 106 42 40 25 22 88 92 71 25 14 36 57 23 72 82 13 35 69 93 17 51
79 48 35 46 97 56 40 18 25 108 98 72 65 70 89 34 16 91 69 76 63 33 79 63 67 33 32 86 34 38 77 92 33 83 43 28 69 37 41 42 64 17 20 32 60 45 52 96 9 95 49 77 17 49 89 33 85 17 22 88 60 59 56 85 95 79 49 63 73 72 56 40 93 77 61 64 87 86 46 94 52 36 34 14 23 13 41 72 44 97 59 99 98 55 44 58 68 88 97 95 39 81 85 58 55 44 65 103 78 31 59 44 86 52 101 31 24 76 56 76 50 72 61 52 58 39 31 63 64 88 52 32 63 67 50 45 82 32 91 42 31 71 100 109 70 35 59 63 20 76 34 65 74 48 35 82 71 16 60 39 51 86 84 23 87 36 82 33 75 29 32 36 114 32 42 55 51 60 77 109 42 67 44 12 98 88 52 9 12 63 52 13 60 70 38 29 72 83 27 29
74 42 60 16 82 66 36 26 26 88 97 85 62 77 84 35 16 92 71 60 74 35 80 78 75 47 27 90 25 16 85 72 11 91 70 23 63 29 63 15 54 13 28 27 58 55 61 73 13 73 50 91 31 41 87 31 91 32 37 85 56 80 82 76 89 87 56 56 76 77 67 32 97 76 79 80 87 94 45 95 36 39 29 26 23 30 35 80 50 98 61 96 96 59 30 59 84 96 87 110 39 64 107 57 68 55 68 82 71 43 47 68 94 41 95 59 16 100 54 73 53 88 78 49 54 33 44 62 71 93 37 28 69 52 42 50 103 45 80 23 26 72 74 102 92 13 70 43 33 75 42 46 72 58 31 70 76 22 44 45 40 78 107 24 82 44 82 9 77 33 37 49 112 37 41 57 71 48 75 94 27 46 42 23 91 84 59 11 28 62 61 18 53 79 15 46 67 71 21 39
72 43 40 36 76 59 46 9 40 98 70 87 48 89 78 21 44 85 91 80 59 29 51 76 62 40 38 82 14 39 67 71 27 68 62 23 73 24 68 42 43 20 29 42 72 65 70 68 31 75 28 93 28 54 66 28 75 15 42 77 70 53 69 88 77 66 50 54 88 95 46 26 88 82 71 61 93 84 55 82 52 41 17 17 34 32 31 76 61 85 45 99 90 72 51 71 83 81 87 106 30 80 91 48 69 50 69 98 85 45 63 59 86 47 93 31 19 79 42 68 54 64 77 76 57 25 23 76 73 83 52 40 82 55 55 42 81 27 81 35 44 68 90 103 74 10 61 53 45 90 32 47 99 55 16 62 62 23 39 25 59 88 108 34 76 44 74 8 79 22 54 43 108 29 18 56 67 67 85 99 20 40 28 33 84 80 60 21 20 34 43 31 73 76 36 39 67 66 35 24
74 50 61 31 77 73 38 32 35 91 90 64 61 76 94 40 17 88 71 58 57 50 72 56 56 36 32 68 9 42 71 75 40 74 51 38 59 51 49 28 62 38 44 33 65 58 44 94 33 83 54 88 24 63 84 28 70 18 51 76 62 62 69 89 95 87 45 63 75 93 68 20 85 83 78 58 91 90 58 94 46 18 42 17 36 39 16 93 59 89 49 94 110 55 37 59 80 96 96 84 31 63 93 40 64 64 68 82 72 42 54 49 74 48 91 29 26 95 56 85 55 87 86 69 66 41 48 57 67 72 59 14 77 58 37 59 80 41 78 47 34 64 83 98 73 11 49 63 48 98 52 54 81 57 32 59 86 39 47 36 55 78 101 31 76 37 88 12 71 42 38 44 104 23 17 69 59 38 85 99 31 56 37 22 91 90 47 34 27 53 59 32 49 79 16 36 65 88 7 26
67 40 39 39 103 60 35 7 41 88 87 68 48 77 89 27 32 98 78 75 72 41 75 61 78 47 28 83 30 43 66 94 39 92 59 30 74 29 64 39 58 27 40 38 48 73 61 73 31 71 26 90 28 65 59 34 91 28 45 75 77 75 70 88 72 88 48 55 90 75 45 35 94 92 68 84 85 78 56 73 56 43 28 16 39 23 33 92 49 90 63 84 108 64 32 47 70 67 98 102 18 61 99 62 62 72 58 83 76 41 53 69 81 33 82 36 21 105 56 85 56 67 79 51 67 35 45 70 71 81 43 23 87 58 35 41 86 31 66 33 56 72 80 114 83 28 67 41 28 84 51 66 71 58 24 66 65 21 58 28 54 75 96 36 95 38 73 10 66 38 47 39 92 34 33 55 55 68 68 81 32 40 31 32 77 81 49 32 18 39 43 30 64 78 39 46 70 85 7 52
58 37 58 39 84 83 47 13 29 105 95 75 56 63 82 33 20 84 74 64 69 25 72 67 78 37 26 81 15 33 67 76 17 74 64 42 53 32 52 35 64 16 46 25 49 46 44 77 25 80 53 79 24 66 85 32 87 27 32 78 63 79 58 83 76 90 28 68 71 78 52 20 101 93 69 76 85 77 40 85 65 32 37 15 36 31 29 73 67 98 48 97 113 56 41 51 74 86 91 96 47 68 111 32 68 57 56 97 73 37 45 58 87 27 87 40 31 92 57 82 42 68 79 69 65 28 46 65 86 75 34 41 62 75 46 47 91 50 65 23 54 60 86 95 93 8 50 38 41 82 46 40 80 40 13 68 83 26 69 26 65 77 114 22 90 32 71 35 68 31 39 49 85 23 31 46 44 58 74 105 20 47 43 20 81 72 56 28 15 47 52 36 67 70 29 29 59 94 7 29
70 29 59 37 84 75 55 35 31 81 76 86 52 75 102 35 23 99 93 60 49 49 66 61 53 39 49 82 15 33 73 75 25 92 72 22 72 23 41 20 52 15 21 31 53 60 66 89 7 74 50 84 24 46 81 38 78 17 25 59 54 65 59 100 77 95 33 52 78 98 52 15 80 98 64 81 78 82 39 74 57 33 27 26 37 14 43 86 64 89 62 92 98 44 50 71 88 67 90 90 25 71 112 56 64 68 75 96 69 57 67 62 96 30 103 30 30 95 52 72 48 79 80 56 41 36 26 60 90 82 49 29 80 50 27 49 83 24 81 34 52 76 85 114 70 14 74 35 38 86 35 38 89 35 16 56 81 20 46 23 67 95 96 10 96 29 74 30 76 20 47 52 88 36 26 54 63 52 91 108 40 51 43 34 102 87 54 8 22 36 46 17 51 80 42 39 75 74 21 51
87 40 61 45 92 58 43 20 38 97 95 66 60 83 84 47 29 105 78 71 45 41 76 65 62 35 43 90 24 19 86 80 40 87 51 32 71 24 54 36 37 11 46 21 63 73 68 72 37 67 31 96 23 58 60 9 90 23 21 70 67 57 76 79 77 77 42 52 68 75 74 35 80 78 83 65 82 66 48 71 62 28 34 33 28 13 29 78 45 93 58 83 102 62 41 45 85 75 101 95 36 65 91 32 53 47 58 78 77 39 64 71 88 40 90 46 15 79 38 70 49 80 75 60 56 16 41 58 68 80 37 35 64 67 48 42 82 46 73 31 50 72 87 97 83 33 57 44 37 98 27 66 83 54 34 79 56 16 63 35 54 87 104 27 84 17 74 29 78 32 50 55 114 34 18 71 52 62 91 103 19 58 46 31 77 97 61 23 27 47 64 40 77 91 26 32 70 94 26 36
62 43 43 34 102 56 45 8 52 101 99 73 59 71 75 48 35 107 67 70 71 34 70 68 81 31 36 77 21 17 67 88 19 66 54 37 75 50 56 16 43 36 19 27 65 68 71 88 25 67 32 75 28 66 61 35 88 34 45 89 53 67 81 87 75 85 35 53 82 96 62 40 95 97 57 65 90 95 62 74 43 38 30 40 43 14 29 80 59 98 44 106 112 67 53 57 92 83 97 112 45 59 105 40 54 43 50 79 83 51 70 42 79 39 83 42 5 91 54 68 44 72 78 52 69 11 40 57 69 81 60 34 75 56 47 59 86 49 73 40 44 65 101 114 87 32 59 51 38 73 33 36 72 52 39 82 73 17 43 45 65 78 111 12 99 28 83 25 66 18 49 41 114 26 16 58 49 58 92 98 31 60 28 23 99 69 43 9 37 55 43 35 71 87 40 20 67 72 27 28
65 35 43 31 92 78 31 21 31 105 91 66 68 68 105 22 36 92 75 77 54 47 70 64 80 49 25 91 13 19 75 91 20 96 63 23 76 32 42 22 54 34 19 28 43 52 55 72 31 93 51 85 20 62 80 17 94 34 41 59 74 74 66 94 79 95 42 42 72 79 70 24 80 88 67 70 95 76 43 96 36 31 45 32 43 28 44 91 67 98 54 102 108 54 46 49 80 86 101 95 30 54 91 57 46 60 62 87 70 41 69 50 71 39 105 36 30 98 28 84 62 80 80 68 53 18 32 52 68 92 37 33 81 69 42 64 74 50 82 33 32 52 103 113 83 8 60 63 44 92 36 41 73 38 14 55 82 23 61 30 39 79 101 35 72 27 93 37 60 40 50 48 95 44 13 53 67 49 88 96 40 54 45 28 85 96 70 26 16 55 52 23 51 89 19 46 51 81 36 35
81 56 57 32 75 74 44 14 28 107 84 79 74 76 98 36 35 102 76 77 66 51 67 79 68 60 42 82 29 34 68 81 24 87 61 38 75 32 60 45 65 22 25 26 49 64 46 82 8 77 56 99 31 64 88 36 87 41 24 62 55 56 83 97 78 94 28 49 93 75 55 16 77 72 77 72 85 68 62 83 47 46 25 24 28 18 30 90 55 69 41 93 104 49 33 63 74 93 107 106 26 77 101 45 58 66 61 94 68 56 56 53 83 28 101 53 32 104 42 80 45 84 75 75 66 41 32 64 80 92 32 16 63 50 50 69 103 39 70 27 54 51 74 89 85 30 66 58 33 92 32 45 89 57 34 78 61 39 64 31 58 96 101 18 99 37 86 28 79 20 46 45 107 37 19 68 50 62 73 90 19 67 33 37 100 82 69 8 22 37 44 40 76 91 34 18 56 77 14 50
85 45 44 38 87 54 34 9 36 99 79 72 63 90 100 47 38 99 74 77 73 35 50 57 78 51 36 72 14 36 79 85 20 75 66 42 76 21 63 41 46 30 29 35 69 65 41 94 23 94 44 82 10 70 59 25 82 15 47 63 58 56 61 89 94 72 46 45 75 82 73 12 75 89 81 62 85 83 47 77 57 30 45 34 32 35 21 75 50 86 50 100 98 44 30 75 85 83 87 83 43 62 89 55 68 70 64 88 84 36 51 56 74 48 103 42 31 102 37 82 50 68 59 78 44 41 49 62 90 82 41 14 81 52 33 44 104 38 92 28 55 63 103 95 89 26 54 34 50 96 51 48 77 39 10 80 71 17 55 53 37 73 98 12 102 42 81 32 78 43 39 49 108 51 25 69 50 63 77 103 34 61 54 29 79 89 52 6 14 55 57 17 66 88 24 29 59 86 9 33
59 52 64 18 94 84 36 14 28 81 75 80 63 88 86 24 31 85 89 71 54 35 63 71 55 48 52 87 28 23 67 80 25 81 68 39 54 40 41 43 58 27 26 34 49 60 43 83 23 67 55 90 23 41 65 29 77 20 24 81 72 64 73 83 70 79 54 58 68 76 71 13 90 92 79 82 81 79 57 91 36 34 24 32 21 25 29 66 42 95 60 79 99 66 39 63 72 92 89 100 44 58 108 59 60 62 64 90 91 45 53 45 90 24 96 35 26 87 38 80 44 73 58 70 66 16 28 62 73 86 49 30 78 77 30 65 86 48 77 31 27 65 102 114 94 31 58 48 21 98 47 41 98 49 29 56 69 20 58 45 65 81 95 12 89 20 78 30 64 41 32 56 100 33 31 71 68 55 93 106 17 47 48 37 88 85 59 23 22 51 53 31 67 71 38 29 74 67 35 43
80 31 42 24 101 66 49 31 29 100 85 66 59 80 102 26 20 101 94 63 64 47 56 72 79 45 46 69 11 22 71 72 30 67 45 44 73 51 50 37 48 25 41 36 53 56 61 76 32 76 41 85 26 71 67 25 70 15 26 76 48 79 75 73 76 73 30 68 76 90 59 31 94 89 66 61 87 70 44 81 39 21 30 38 15 37 26 70 47 79 59 100 97 59 53 62 96 79 93 102 41 79 85 45 65 42 58 108 69 39 69 42 84 39 96 34 21 90 34 65 66 78 85 73 66 36 24 77 79 73 35 13 58 78 41 48 93 34 68 38 33 58 103 97 66 15 62 55 28 103 33 52 78 32 18 65 70 19 58 52 65 85 108 34 93 26 68 14 55 13 29 57 107 35 37 62 63 51 83 99 32 65 53 20 104 73 59 18 8 58 48 16 78 69 37 16 58 70 11 30
78 37 58 44 94 74 33 11 47 100 79 90 59 65 78 25 20 87 72 67 73 33 79 77 73 46 37 79 30 27 57 79 28 79 46 38 53 42 51 45 41 23 31 28 49 74 46 83 25 72 29 75 8 67 74 33 90 38 26 66 73 67 72 97 69 89 53 61 82 77 65 29 91 80 78 57 90 73 45 72 48 23 41 34 31 25 21 67 44 73 43 102 100 60 60 60 79 93 101 83 24 72 99 53 41 63 61 96 93 29 69 57 81 28 96 36 17 89 56 79 44 86 71 64 53 18 45 68 65 69 50 37 79 69 45 56 83 50 70 37 41 63 78 106 92 25 75 43 30 90 29 59 90 41 10 61 80 36 68 44 66 96 101 7 101 44 96 14 54 36 58 58 90 25 35 66 62 54 97 108 35 44 40 13 90 95 64 35 24 56 52 40 71 81 19 38 52 94 13 36
74 41 44 37 99 66 45 24 50 107 97 78 75 87 89 24 28 91 85 57 54 29 80 70 80 48 52 76 14 18 57 72 39 75 44 36 59 45 59 29 65 19 37 21 73 59 42 73 29 68 35 98 11 66 87 35 78 34 33 88 66 64 83 72 91 83 42 54 68 89 65 22 86 80 73 80 77 67 45 87 58 29 31 19 21 22 32 70 64 83 40 87 105 72 52 73 78 96 108 101 28 57 101 46 69 72 60 86 87 30 70 52 81 43 96 57 16 77 52 76 69 67 73 63 51 39 25 49 72 83 61 39 66 61 45 57 91 24 70 50 56 80 103 99 68 12 71 57 42 101 48 37 98 38 18 71 82 27 56 42 63 89 102 25 78 29 86 21 81 18 52 59 100 47 28 68 73 49 90 86 42 49 52 32 104 69 43 32 35 44 66 25 74 72 36 43 74 82 34 22
65 53 46 29 82 76 25 12 41 80 78 78 60 92 93 23 41 94 84 74 68 29 71 64 53 42 24 93 17 30 85 70 16 95 53 21 75 45 63 35 55 31 23 49 51 66 69 89 20 91 45 85 25 67 81 11 89 16 25 66 62 52 65 82 93 77 39 52 75 79 57 34 79 80 75 84 65 66 54 92 37 34 23 16 21 18 36 81 64 68 38 104 94 67 57 67 78 90 92 110 28 67 98 59 65 65 65 83 83 38 67 45 69 49 93 57 18 92 56 66 43 77 72 54 60 28 47 76 93 73 41 36 62 71 33 60 94 22 79 45 41 76 77 94 83 28 65 56 33 92 35 56 96 40 24 58 64 26 67 43 62 101 95 23 93 31 83 10 74 26 56 54 90 53 25 42 69 39 73 104 38 49 26 30 78 70 49 26 22 56 60 15 70 69 30 17 65 72 6 46
81 50 39 39 79 62 52 32 50 83 87 72 51 87 87 25 44 87 83 64 47 38 74 83 59 60 39 69 37 29 82 77 30 79 47 29 66 35 67 21 52 11 45 32 61 73 70 67 18 81 38 83 25 66 70 14 69 31 24 82 55 75 81 85 75 74 35 69 89 84 72 32 101 73 66 63 71 92 47 75 59 34 38 17 19 21 15 87 50 96 57 80 103 62 46 64 82 88 93 95 33 54 84 37 44 63 53 95 71 54 63 71 99 39 99 57 18 96 33 95 69 84 83 70 39 23 45 69 67 83 61 15 79 68 40 48 88 28 68 31 51 64 79 85 91 31 59 40 24 74 36 64 83 60 28 74 63 34 67 48 61 73 84 18 81 32 71 22 70 28 31 49 90 31 18 56 46 68 88 84 32 63 24 29 104 72 58 32 32 59 44 28 63 87 29 23 57 90 11 24
76 35 52 27 83 77 44 23 42 80 76 73 76 90 95 44 14 93 80 70 68 28 78 84 58 42 31 74 16 15 73 82 14 92 68 37 55 29 41 23 50 37 35 48 49 52 50 72 37 95 46 92 16 52 82 27 94 24 28 81 61 58 71 79 79 87 43 65 93 76 71 10 85 96 82 86 68 93 51 77 46 20 19 30 29 11 27 91 60 93 48 101 99 42 53 53 76 94 93 103 31 82 87 39 50 57 73 96 83 28 60 52 86 52 81 46 33 95 41 89 60 87 78 73 66 17 20 54 86 68 36 26 78 53 57 64 79 43 79 52 50 80 92 112 84 28 53 35 50 95 40 49 82 40 9 77 73 38 41 44 66 89 106 36 77 21 79 8 59 35 48 36 105 32 38 66 46 50 81 111 28 61 46 9 75 95 54 14 10 39 49 34 63 75 19 30 64 82 24 30
