100 10
57 13 44 86 31 19 94 37 91 61 25 45 71 36 73 55 37 97 84 63 87 82 72 70 72 80 28 78 58 82 20 7 54 104 105 23 33 79 66 81 46 53 41 55 51 16 86 22 35 30 66 50 83 97 56 30 63 104 98 34 87 69 25 71 72 57 105 80 43 75 98 91 70 73 97 69 62 107 73 72 62 96 18 83 56 92 29 60 80 28 49 82 49 58 72 22 59 67 80 33
63 7 52 78 15 31 93 16 92 44 22 44 61 17 79 59 48 68 107 79 67 100 61 55 50 100 24 84 77 85 30 18 39 108 88 41 7 67 72 87 41 53 22 44 43 24 85 51 48 17 80 28 80 107 45 50 59 107 101 11 95 77 44 82 81 75 110 62 26 55 107 68 44 101 106 86 71 99 68 74 69 90 14 64 57 82 32 62 82 54 36 81 57 59 70 43 57 43 79 17
64 9 42 77 34 26 94 36 78 43 46 72 60 44 91 52 41 71 102 79 87 102 52 55 68 89 37 78 76 92 32 34 47 90 97 30 17 62 56 98 45 47 24 57 42 27 77 25 38 27 83 25 101 111 48 37 63 103 93 14 103 82 48 71 69 70 97 81 37 55 94 69 48 94 88 61 75 99 92 77 56 72 41 68 43 71 41 55 67 42 56 81 47 57 83 40 55 67 83 24
69 22 27 86 14 21 75 39 105 65 32 63 79 28 84 51 36 83 85 66 69 77 65 75 46 82 46 61 73 110 49 13 49 100 101 27 28 52 64 92 41 42 40 30 39 24 70 50 45 9 89 20 79 84 56 57 62 106 85 36 100 65 42 58 76 60 83 62 44 65 101 82 64 99 87 74 65 85 89 79 64 83 18 58 42 92 50 38 67 43 48 85 59 49 73 45 81 52 54 24
64 20 33 72 41 26 83 9 95 42 24 67 85 44 84 41 41 77 80 87 90 102 69 78 51 74 40 80 69 97 44 18 43 93 103 26 18 71 80 82 22 46 22 53 48 31 80 46 26 35 77 30 101 94 42 50 68 109 85 17 111 79 53 70 66 77 86 61 45 59 103 63 65 76 93 66 65 105 87 86 63 77 39 71 41 86 42 34 74 51 58 74 47 62 88 23 74 49 55 45
47 24 37 79 30 46 83 16 80 54 48 54 87 34 75 43 36 93 104 77 70 85 69 73 60 98 39 65 67 88 39 13 55 98 83 25 36 77 66 100 28 62 46 34 53 15 71 40 35 8 96 22 88 112 46 53 68 114 85 13 87 79 51 70 89 68 110 52 45 57 93 70 69 75 91 76 68 103 70 81 71 89 40 88 50 77 42 37 88 28 61 72 50 61 83 44 77 70 59 36
56 30 25 65 30 45 76 29 79 47 31 55 73 15 87 63 31 72 100 63 79 85 60 55 71 78 39 70 82 87 23 14 43 92 110 46 28 55 58 90 25 50 40 58 39 35 70 23 40 30 95 42 87 105 64 56 70 89 79 11 112 60 34 79 78 78 90 74 35 79 102 91 64 76 102 60 73 86 73 77 71 99 33 86 40 70 48 37 80 54 50 75 72 43 83 21 61 58 64 20
58 7 40 72 13 40 93 37 91 59 23 54 85 14 86 41 34 77 100 59 68 98 43 55 52 76 42 65 77 103 30 26 35 108 103 38 35 53 81 101 20 56 30 44 67 37 72 42 36 21 78 38 83 98 52 36 83 108 103 8 114 82 34 66 72 71 93 51 44 57 85 78 60 99 80 85 79 104 94 59 78 78 25 67 52 82 29 57 67 55 63 74 69 33 85 33 73 41 84 23
47 29 45 65 13 37 68 32 81 43 46 68 67 29 85 53 24 70 80 70 90 91 45 53 46 95 30 64 68 95 30 11 40 106 96 33 24 60 80 101 29 64 40 44 52 12 88 40 30 38 95 32 96 92 44 54 59 102 105 36 112 79 40 64 92 59 87 64 28 65 88 70 72 80 104 65 63 98 73 80 78 82 23 60 42 90 41 53 66 52 47 83 57 61 79 40 63 66 84 39
49 12 28 71 35 23 69 26 79 52 41 50 85 35 92 52 27 87 83 68 85 100 72 66 48 81 50 75 77 100 49 29 39 91 97 27 22 59 80 101 27 42 51 31 56 13 76 43 23 20 91 46 72 111 53 36 80 88 82 25 100 88 35 66 88 80 101 67 42 74 95 75 58 72 79 79 79 106 68 83 68 101 24 85 47 79 41 35 76 40 41 90 49 50 69 18 74 41 83 38
