50 20
21 25 60 63 80 40 34 76 65 24 105 25 78 59 35 49 49 68 72 92 77 91 85 61 37 97 62 69 37 60 60 91 47 84 89 57 80 28 45 55 43 32 51 72 66 78 49 83 45 48
23 40 62 52 70 61 31 92 67 28 104 48 95 53 28 59 41 73 64 94 83 102 91 54 21 95 90 86 55 63 53 81 27 87 91 61 55 49 63 37 20 39 49 64 65 94 41 85 46 40
35 33 58 68 80 36 43 96 77 25 85 36 94 56 29 56 42 78 64 72 65 90 76 62 22 110 70 69 55 72 47 93 39 95 88 56 76 54 58 44 20 31 36 58 66 80 67 79 57 59
19 41 66 65 62 45 33 87 78 24 95 36 93 82 17 41 43 66 74 69 62 96 101 62 22 86 89 75 65 47 69 80 45 77 84 63 73 36 65 56 18 14 30 73 80 78 52 92 67 64
18 35 58 53 53 41 22 80 78 28 89 39 101 54 16 48 32 87 45 90 88 85 78 45 22 107 62 63 59 67 62 74 40 98 90 72 58 51 42 33 34 24 48 63 81 102 67 89 48 56
36 23 46 52 82 44 32 85 62 25 78 35 83 54 13 64 44 73 74 84 73 95 95 51 24 107 66 63 55 55 60 85 28 91 95 74 77 38 45 40 41 29 51 75 67 102 46 81 57 59
30 37 68 42 65 37 26 88 57 39 102 40 79 77 7 63 47 66 69 93 90 85 94 41 30 80 84 61 53 74 60 70 28 95 112 51 76 40 53 45 25 40 52 76 56 79 38 74 61 52
41 28 46 53 80 61 35 80 51 26 107 39 76 65 32 52 49 66 50 97 81 88 82 55 29 86 78 73 65 60 55 70 39 80 113 51 57 50 48 46 23 36 40 70 71 99 38 89 52 63
28 12 58 50 83 36 35 88 48 31 77 47 94 77 11 68 44 78 46 86 85 90 83 44 30 98 71 68 43 71 73 95 19 94 107 70 56 43 43 31 20 25 36 52 52 79 43 74 70 50
16 14 71 50 75 44 27 88 76 47 83 39 93 60 21 57 44 81 47 80 87 109 97 63 41 91 89 84 44 49 56 92 37 82 105 53 72 35 55 50 18 22 40 73 78 102 38 84 52 49
17 14 53 69 57 42 18 69 54 30 103 33 88 66 25 60 51 79 59 98 79 92 83 37 27 108 84 86 53 60 53 83 28 80 108 52 76 42 42 30 28 30 44 61 76 85 55 68 74 48
17 21 67 49 76 57 48 94 55 39 96 25 79 79 34 46 39 66 57 87 84 111 78 62 28 110 86 70 54 67 53 97 28 90 95 60 57 29 56 30 47 41 38 63 54 87 40 91 74 61
27 22 68 46 72 48 23 88 60 26 95 37 79 78 20 44 25 68 52 95 89 108 99 63 45 85 71 61 47 65 72 69 43 96 98 68 67 38 67 42 24 37 40 66 79 83 38 90 56 48
35 18 71 70 74 36 37 73 54 35 86 40 77 78 6 66 39 70 51 83 71 107 78 64 20 82 67 80 64 71 69 92 24 94 104 70 58 45 54 55 41 24 35 61 59 97 65 62 52 56
31 22 50 54 82 63 28 87 69 42 95 22 80 73 19 51 44 81 75 77 73 101 86 60 38 100 90 58 49 47 70 84 44 97 106 52 69 36 49 54 46 34 36 59 76 91 61 68 62 55
39 33 74 46 53 52 39 94 74 39 107 41 94 70 22 53 26 79 64 77 72 110 102 57 33 95 68 65 45 72 66 89 31 85 102 60 58 29 46 30 28 40 33 70 53 101 48 62 62 38
40 34 72 60 74 41 45 89 52 40 82 45 101 72 22 44 43 76 64 72 65 112 90 34 21 97 74 77 46 56 69 91 40 83 107 69 53 44 40 34 44 41 32 71 74 87 67 72 64 66
40 13 66 71 61 51 23 75 77 36 81 27 94 64 14 42 32 81 72 88 77 83 78 62 36 104 70 63 50 58 50 99 32 74 101 76 77 51 66 56 44 30 40 61 73 90 44 91 44 36
25 37 74 59 55 57 25 87 48 27 87 43 97 59 10 64 31 92 45 89 67 86 93 48 33 100 78 75 64 61 68 98 33 69 113 59 54 50 52 33 44 12 37 66 77 98 54 85 68 60
22 40 51 55 73 44 29 92 70 50 102 27 98 75 26 52 28 94 62 88 73 102 78 50 32 84 89 83 51 64 63 76 37 92 95 63 78 43 65 41 21 24 36 65 62 80 38 75 73 45
