30 20
34 40 73 92 61 88 42 51 90 71 63 28 44 93 31 48 67 78 60 81 76 36 73 39 80 27 28 112 75 42
40 52 75 89 60 82 61 41 94 74 74 29 48 73 38 64 57 80 61 91 61 41 53 19 81 52 36 101 82 47
41 45 68 93 41 61 59 46 78 72 76 35 45 85 27 46 66 82 65 87 79 32 79 26 92 43 53 97 94 38
31 47 57 104 48 78 39 38 104 66 76 8 50 93 30 63 44 79 70 97 60 46 65 10 70 40 44 98 77 38
37 46 65 91 64 81 50 48 101 64 64 23 41 86 31 55 54 93 61 75 63 48 67 24 70 44 50 95 67 52
33 45 63 88 61 71 59 50 83 63 56 23 41 92 34 60 55 85 59 92 72 38 82 17 88 26 28 93 67 27
35 41 82 103 58 82 37 61 84 85 55 17 39 83 21 64 66 100 58 80 75 42 69 33 83 27 46 92 92 48
34 43 71 103 62 67 59 49 81 81 53 37 50 88 20 71 42 96 60 67 57 61 71 31 70 40 48 88 74 52
46 49 79 107 37 68 37 55 103 79 72 34 60 66 29 52 57 104 69 85 80 61 75 27 79 26 30 108 79 31
41 40 75 102 53 90 41 50 101 73 71 7 64 81 33 73 66 81 67 69 75 44 81 38 81 39 47 103 72 33
55 51 69 83 52 74 50 60 89 63 58 9 46 71 12 52 53 105 71 87 56 42 67 10 95 25 28 92 75 22
44 52 73 107 49 90 34 48 89 66 49 23 46 81 15 60 64 80 76 74 70 48 63 15 79 48 31 91 64 40
43 42 66 81 47 73 57 50 90 74 70 16 42 67 14 49 50 95 72 84 63 39 55 32 82 45 52 91 93 44
60 41 81 83 65 85 41 63 95 80 48 28 47 80 36 57 56 81 81 92 60 47 73 38 76 27 32 105 67 50
53 37 76 83 46 67 34 39 89 82 55 13 56 76 25 47 65 94 72 69 74 45 67 30 89 24 38 98 64 43
36 56 64 105 53 81 34 54 82 82 72 27 63 91 17 56 58 98 68 72 55 58 52 24 96 33 38 83 74 29
51 56 85 101 44 71 46 38 102 84 76 29 38 73 30 61 56 80 75 80 65 53 80 31 75 47 45 101 89 23
50 47 70 96 42 87 60 60 84 73 56 30 57 65 9 68 42 102 87 88 74 38 69 12 89 31 32 110 86 35
40 63 55 101 55 88 34 62 107 86 46 35 60 75 33 53 67 97 58 73 79 39 79 17 73 28 51 111 75 26
40 62 66 103 62 67 49 62 105 86 52 24 57 87 38 70 38 78 59 79 69 52 53 32 83 50 46 108 82 38
