200 20
78 34 23 84 42 85 54 44 63 49 59 103 101 68 31 88 37 94 65 61 23 104 26 78 43 47 77 26 62 60 60 91 47 69 57 45 79 84 75 79 109 29 82 57 41 27 66 17 92 69 66 22 96 29 66 55 62 21 59 42 35 29 86 48 80 96 84 107 68 32 97 82 87 49 54 52 61 55 75 37 60 85 65 105 68 52 88 81 45 97 41 91 82 62 78 78 60 80 29 52 40 68 89 38 95 70 42 50 76 82 69 63 24 97 84 98 46 84 82 63 88 97 78 82 29 77 100 63 43 44 61 78 74 17 69 25 48 100 44 89 83 66 52 76 89 20 26 92 81 75 22 96 63 50 31 27 44 83 42 47 79 38 110 108 8 66 71 51 66 73 20 101 39 82 35 45 100 43 54 31 13 38 35 61 76 80 69 44 102 37 104 73 53 96 94 84 84 49 56 82
68 54 20 78 48 81 40 65 38 61 43 94 82 51 19 86 47 74 68 61 32 104 25 76 32 57 80 42 54 58 50 72 48 62 66 20 76 82 68 85 85 15 70 57 35 14 64 28 90 86 56 30 76 58 71 83 60 38 56 40 35 34 94 20 69 98 88 105 85 13 79 82 67 55 46 50 77 56 86 40 48 85 37 107 59 56 80 89 43 75 41 81 78 65 62 59 75 81 14 53 26 52 78 31 80 93 21 44 79 99 85 54 27 105 81 85 62 80 91 61 84 88 86 86 52 73 88 81 40 22 62 67 63 29 58 12 54 99 67 103 94 61 52 66 91 25 26 86 91 70 38 76 60 30 24 32 58 81 22 46 84 24 102 103 16 86 86 49 94 76 35 93 40 87 22 21 108 30 57 47 17 35 49 84 69 96 67 37 80 45 87 90 41 97 85 98 82 41 41 107
86 25 8 90 44 94 49 49 48 46 46 97 106 63 10 93 52 92 74 68 22 90 34 76 35 44 74 40 63 66 63 73 50 52 74 20 67 88 76 90 104 26 63 77 32 31 57 22 84 88 38 34 90 53 81 78 81 13 78 31 23 17 73 35 81 81 114 94 70 11 85 84 71 37 55 68 62 82 83 56 49 84 38 105 54 65 107 98 72 84 38 88 77 51 71 62 82 80 23 32 39 62 90 16 77 83 31 73 90 92 80 69 11 102 77 80 58 105 108 69 102 94 78 71 40 73 102 56 17 38 53 88 55 20 83 40 57 107 64 91 92 76 65 67 97 34 14 91 95 93 20 74 70 44 52 23 53 84 42 55 85 21 95 108 11 69 78 34 76 87 30 79 33 103 22 26 88 53 31 40 8 40 48 60 75 88 77 45 98 60 83 92 38 90 111 87 97 55 49 81
60 29 12 79 24 77 39 54 52 61 48 77 92 58 18 88 45 93 53 54 21 84 35 76 19 60 89 34 67 39 59 89 71 44 75 46 67 73 58 80 95 7 64 68 48 12 55 30 92 66 46 42 96 57 67 64 66 13 52 39 7 26 73 24 74 99 112 112 79 14 81 90 86 46 73 54 57 56 75 49 56 93 61 108 71 50 80 85 63 77 25 86 96 53 79 72 78 100 22 37 20 46 90 34 91 76 35 52 78 103 87 74 27 91 81 95 58 95 93 67 106 69 83 91 32 88 81 65 27 34 47 89 57 18 71 38 59 87 61 109 97 67 53 59 72 16 43 82 82 87 14 97 54 35 44 35 65 80 34 55 81 13 114 110 31 85 68 48 69 59 33 98 18 81 30 45 95 32 48 44 23 39 49 76 80 98 59 22 74 49 80 67 52 86 88 111 90 54 31 106
86 33 13 64 30 94 38 55 58 58 59 90 99 47 21 83 27 96 58 63 28 96 14 63 21 62 83 48 65 69 54 92 70 70 67 38 74 85 88 86 115 13 71 61 23 34 51 15 79 76 41 36 85 42 51 83 86 40 50 54 13 37 89 23 66 101 108 105 56 38 99 92 81 45 52 57 49 65 86 46 54 108 47 80 49 45 90 102 58 86 13 108 95 41 72 66 56 83 22 56 10 58 98 11 75 85 41 54 76 84 86 82 28 82 98 102 47 104 110 79 111 93 107 91 37 88 85 70 23 48 60 88 57 18 79 40 40 107 63 97 97 60 73 49 97 32 16 90 83 90 17 73 50 36 23 33 45 96 46 46 76 16 85 90 22 68 84 51 78 72 34 102 34 97 8 29 93 37 32 39 14 44 24 64 96 107 61 22 72 33 83 73 39 95 103 92 80 44 47 85
81 53 30 82 32 89 45 46 63 73 63 82 104 49 28 79 32 87 56 54 39 82 27 81 40 49 92 36 72 44 77 80 75 58 85 36 62 62 77 88 86 17 80 71 50 26 44 38 89 78 50 29 69 28 65 55 83 27 49 45 7 15 86 19 61 85 98 88 72 31 73 88 79 46 52 67 70 73 86 34 55 83 63 90 68 58 102 93 56 83 42 80 91 60 70 68 70 101 16 35 22 60 86 35 99 93 23 49 75 82 86 58 27 76 92 77 51 104 94 68 110 84 95 79 49 85 81 59 43 48 46 64 66 23 81 31 37 114 45 90 90 54 47 74 73 34 32 97 77 90 38 89 48 31 33 26 46 90 28 46 73 27 97 83 24 62 74 22 69 80 28 79 26 102 13 42 92 37 52 48 37 45 49 70 75 93 73 44 100 57 104 71 55 100 103 83 89 56 56 92
70 36 28 72 28 84 43 45 60 49 43 97 108 62 26 72 44 72 51 80 30 108 30 79 46 43 78 48 76 52 75 71 72 60 78 35 78 61 81 88 106 22 58 54 26 37 60 14 91 78 65 29 93 41 77 81 70 34 60 57 20 14 83 40 54 99 99 112 81 31 98 103 92 45 58 75 69 81 85 43 72 90 64 94 63 58 104 80 44 82 25 99 75 46 77 68 73 73 41 47 10 59 87 12 85 92 24 48 87 101 96 69 26 75 98 74 64 107 106 62 113 99 92 85 37 99 110 70 31 35 54 64 72 41 77 30 50 94 71 84 105 72 59 63 80 11 16 87 86 73 29 100 73 52 31 29 58 101 41 58 94 19 101 96 29 60 68 26 66 80 28 102 28 75 29 34 103 40 34 49 15 50 22 69 92 97 68 26 91 58 101 73 49 79 110 104 80 55 39 95
82 27 30 76 28 90 45 46 41 58 51 74 88 61 24 80 36 72 69 80 22 87 21 65 27 53 67 44 80 49 63 79 51 51 59 18 56 87 63 80 114 21 76 59 26 29 49 39 102 61 46 21 76 31 79 64 59 37 49 42 26 29 92 40 56 92 92 93 84 26 69 78 77 49 71 50 58 71 95 45 71 100 51 102 47 67 93 83 65 93 17 89 74 46 56 68 63 88 41 52 20 56 99 36 91 81 14 72 88 85 90 64 23 95 98 82 49 95 86 67 93 76 100 91 26 92 94 76 16 38 40 66 73 42 71 16 62 84 72 89 80 78 46 52 72 11 32 99 102 93 16 92 74 42 22 28 66 94 43 33 93 12 89 95 33 68 78 39 72 75 35 83 29 78 16 35 96 28 45 59 13 27 41 57 74 84 75 22 85 54 92 85 29 100 111 97 73 50 51 81
61 30 27 64 36 78 56 48 67 61 48 93 92 40 10 92 50 82 69 55 40 95 42 83 20 54 79 28 67 39 51 86 73 67 73 38 70 88 65 78 98 36 57 62 51 19 53 35 87 64 66 31 72 49 60 83 70 10 73 38 13 32 85 26 56 82 111 103 86 32 81 97 88 34 69 66 63 72 91 50 52 84 38 106 45 70 90 102 69 75 22 89 98 57 58 57 74 93 29 45 15 51 101 34 82 83 21 62 74 93 69 82 33 84 78 89 62 92 85 70 110 77 103 88 42 85 88 77 46 43 63 82 67 38 75 25 63 112 46 103 82 75 71 70 74 18 43 84 79 69 17 78 64 53 51 31 53 95 25 58 76 22 109 101 16 61 95 27 69 75 39 92 24 76 24 20 84 48 47 50 11 29 43 65 80 99 57 18 77 59 103 80 27 87 108 87 75 42 29 103
85 46 18 83 39 88 65 71 38 51 70 100 90 47 7 76 37 77 76 84 35 107 35 79 32 67 91 41 74 68 52 83 76 42 76 41 63 72 73 97 101 32 77 63 41 37 55 29 88 61 38 23 78 28 56 80 72 29 78 53 9 26 94 48 71 74 113 107 58 32 96 105 74 43 71 75 58 60 81 50 63 105 39 106 53 74 105 100 58 92 28 91 97 40 79 61 56 99 24 34 28 55 98 25 75 95 20 45 98 86 92 64 8 94 74 81 57 95 85 83 101 74 87 88 37 99 88 59 29 43 41 87 81 30 57 27 61 112 60 85 91 59 48 60 95 39 20 83 73 79 12 96 63 53 51 30 40 108 37 40 75 9 84 82 36 81 86 45 92 87 30 90 20 92 10 42 98 37 42 43 27 25 46 81 82 106 66 33 72 59 81 70 37 85 107 100 99 62 34 99
84 33 16 73 21 96 51 62 50 64 55 95 82 53 19 72 45 72 57 65 12 109 13 63 46 40 76 40 76 53 76 74 46 67 82 21 77 65 71 79 96 35 62 79 35 12 67 31 94 77 41 35 82 28 59 77 74 22 76 39 17 20 72 43 52 85 100 99 79 16 72 97 91 59 53 56 69 79 90 52 54 96 51 86 58 73 99 92 65 97 27 100 75 62 86 62 65 95 26 50 31 70 102 40 103 85 43 48 84 88 90 66 24 105 100 79 58 97 92 67 103 89 92 84 29 78 93 60 21 33 51 77 73 17 56 38 66 85 66 109 91 59 51 57 75 26 20 108 73 89 21 93 71 42 48 24 44 94 49 47 95 31 105 82 19 71 80 30 64 69 33 80 41 86 6 42 105 51 34 40 10 32 51 81 82 81 56 21 83 52 83 78 35 81 111 86 77 38 51 79
62 50 32 82 37 72 46 55 51 67 48 90 88 47 14 85 43 70 79 75 25 107 29 82 40 43 84 43 72 48 48 78 74 52 57 31 75 80 88 68 99 33 69 59 34 32 56 15 83 65 47 21 74 31 68 63 76 16 59 35 35 33 100 22 70 97 84 92 63 28 75 79 80 40 51 69 62 75 85 54 53 90 40 106 50 51 77 90 46 68 23 84 93 66 64 53 71 78 11 47 24 62 102 18 75 81 17 68 96 88 95 62 8 93 100 79 47 106 88 67 85 98 83 95 47 91 94 67 39 37 63 80 71 27 63 15 63 113 53 85 105 76 63 52 74 34 21 79 72 87 15 89 50 39 39 10 43 87 46 37 93 32 93 83 32 85 89 51 87 59 18 107 43 86 15 23 85 42 50 39 27 46 32 64 74 87 59 22 90 58 96 72 52 89 93 96 97 52 48 94
85 35 11 62 35 88 66 53 61 74 43 85 104 67 12 75 46 80 72 81 27 91 27 70 33 57 93 43 62 42 54 92 62 60 84 45 57 74 69 70 97 13 84 66 50 36 54 13 98 63 65 24 70 48 71 59 72 33 57 36 10 18 88 32 69 92 90 85 77 20 97 86 91 47 56 63 72 74 79 64 45 102 49 88 48 56 91 74 69 83 16 105 98 59 65 69 74 97 29 30 30 63 83 27 95 67 36 68 79 109 75 64 18 85 87 94 39 88 82 81 85 83 81 66 49 78 93 82 23 18 42 79 77 37 68 19 46 86 61 86 79 65 60 61 86 11 30 104 94 74 30 86 74 54 33 15 65 91 38 47 88 10 110 112 22 64 91 25 76 69 12 101 23 87 14 20 95 32 51 30 8 39 49 66 70 94 54 31 88 46 82 68 38 94 102 98 89 63 53 78
60 54 5 83 43 89 43 45 55 52 67 95 102 40 18 83 35 66 58 76 26 87 34 71 32 66 94 44 66 39 62 74 66 42 72 22 58 84 70 69 104 23 60 55 33 19 42 30 102 78 59 25 74 45 67 56 87 25 67 40 27 39 91 31 56 85 97 112 62 38 92 95 70 49 54 68 58 78 98 54 54 80 37 109 63 63 96 80 46 82 15 96 74 43 80 52 58 94 13 47 17 72 97 17 91 85 43 45 100 103 69 55 28 76 78 78 37 107 111 79 105 72 82 78 34 93 88 60 46 41 44 62 60 27 62 21 61 103 63 100 75 67 67 56 76 30 32 87 74 97 35 74 77 35 31 26 49 88 19 45 71 30 98 101 9 58 82 28 93 89 33 85 20 91 30 27 92 28 47 56 29 39 30 86 87 98 72 22 73 40 86 68 45 78 110 83 102 50 53 81
65 27 14 65 28 96 48 69 53 50 63 84 96 50 8 76 32 68 67 59 16 88 21 76 43 66 84 51 56 47 53 75 50 45 70 46 62 87 65 86 104 10 66 60 26 40 54 23 93 73 40 23 92 32 61 77 80 14 69 35 7 26 101 41 79 103 112 91 63 20 93 96 88 57 49 73 62 78 84 48 67 87 66 96 63 66 87 93 67 95 19 100 79 50 65 70 77 84 13 49 21 68 87 11 93 80 25 64 95 88 86 56 15 104 76 100 52 96 103 87 90 84 100 74 29 85 86 62 22 24 48 64 71 19 73 37 60 113 53 96 75 65 50 61 85 21 21 101 78 74 35 75 69 25 30 16 41 83 34 57 70 14 95 86 24 73 86 50 88 83 36 103 28 101 15 23 100 26 58 59 33 48 48 60 88 86 48 19 94 58 94 88 55 86 95 111 94 34 35 87
73 36 35 92 29 79 63 54 66 76 48 87 109 44 23 90 37 94 75 84 36 86 24 68 32 56 80 30 64 39 59 98 49 66 60 44 75 89 63 78 103 9 64 72 25 24 50 28 75 88 49 48 84 37 58 62 69 19 74 46 8 21 85 47 58 81 102 112 73 21 80 96 96 36 65 67 75 76 101 40 58 97 38 81 67 45 80 97 67 72 28 92 74 41 56 61 77 99 31 40 31 59 79 31 88 74 40 48 72 110 86 74 14 75 78 79 61 85 93 67 84 78 88 78 51 91 107 56 19 28 45 72 80 22 70 16 41 90 73 96 84 68 66 66 89 14 29 106 89 92 29 84 73 49 40 39 68 104 22 62 89 27 93 87 34 70 88 34 67 67 23 105 45 79 25 32 89 40 35 51 18 39 28 76 76 88 67 45 86 42 100 65 45 89 95 111 75 45 28 94
73 42 16 91 41 82 44 71 61 71 56 85 105 51 18 71 50 66 63 58 17 82 26 84 45 60 66 44 75 58 64 83 56 49 68 20 65 85 63 87 101 13 56 78 38 38 47 24 100 76 45 37 89 52 77 71 73 24 77 48 24 20 74 26 64 99 92 107 59 32 83 97 67 37 56 74 79 69 88 56 47 88 40 91 69 71 98 78 67 74 29 108 72 39 61 63 61 84 26 31 28 54 88 15 103 87 16 74 72 112 75 60 37 95 88 91 67 82 105 79 100 70 99 91 36 80 111 78 44 22 45 79 62 24 63 19 51 86 71 102 92 60 64 59 72 16 16 109 84 91 31 100 77 31 51 34 57 106 19 46 85 18 93 100 17 70 92 33 83 86 19 91 16 88 18 17 102 45 53 59 10 42 40 67 93 83 76 23 78 42 101 65 33 100 109 102 101 47 30 98
67 45 10 64 44 95 55 55 58 56 47 103 109 55 8 98 50 70 54 54 25 93 28 55 19 44 89 44 76 60 51 81 73 46 79 22 67 88 68 79 87 9 64 80 23 26 42 13 100 79 66 37 94 32 64 77 75 28 56 60 18 33 96 28 70 98 114 90 71 24 71 102 75 37 61 73 66 64 93 63 68 87 54 104 63 53 78 95 49 88 31 98 72 40 65 51 57 96 11 31 14 43 88 40 91 74 36 48 82 88 96 78 24 96 74 101 39 99 103 87 110 99 107 83 40 79 82 72 17 21 60 61 67 41 64 36 43 92 57 94 104 72 59 74 73 20 16 100 86 79 20 95 58 32 22 28 45 81 39 32 91 25 98 107 36 83 82 40 87 66 36 89 26 91 31 39 99 53 46 35 21 49 44 57 92 100 78 31 99 48 78 63 29 96 96 87 85 36 56 108
68 28 24 92 22 94 55 48 48 66 70 100 83 62 16 71 30 86 66 80 14 87 28 55 19 55 76 39 53 57 64 77 74 42 77 47 71 59 58 76 91 17 60 67 22 22 62 35 76 75 64 39 94 33 71 58 57 30 62 56 6 23 77 47 68 79 105 91 85 29 96 93 95 37 64 49 68 68 104 53 66 99 48 99 51 71 107 87 49 69 39 80 84 51 67 65 72 85 19 56 16 73 81 16 101 70 35 44 82 101 82 74 15 101 87 97 66 84 89 81 104 82 79 96 38 88 83 70 31 37 51 73 53 16 56 32 46 86 44 107 93 71 63 70 93 36 41 107 93 84 36 76 70 45 41 16 60 80 20 45 76 35 99 90 19 57 92 24 65 84 33 89 20 90 6 42 100 55 51 33 22 34 24 72 77 85 75 24 98 62 98 70 31 104 111 91 103 60 47 93
85 32 23 83 38 95 46 61 39 68 71 98 100 49 30 79 31 84 78 64 27 100 25 85 37 38 83 48 65 61 78 74 61 55 60 22 76 77 74 93 93 7 64 66 23 19 64 36 84 66 61 44 89 45 56 61 83 20 71 48 20 16 90 30 62 82 98 101 82 35 78 100 79 39 69 59 51 64 102 61 64 101 49 80 43 62 100 100 44 73 19 81 82 36 75 67 66 98 16 47 33 63 97 26 93 84 43 71 80 83 84 59 9 87 84 100 54 95 86 60 106 75 105 92 32 97 90 57 18 24 35 74 82 24 74 32 65 100 64 96 99 79 46 50 74 31 21 105 85 87 27 83 54 44 52 23 52 104 46 59 97 12 109 95 36 72 66 25 85 65 22 79 30 103 13 19 105 45 43 32 22 44 43 81 91 103 62 21 97 36 104 72 42 80 107 90 101 39 40 95
