100 10
98 35 74 20 56 86 42 38 53 26 35 77 10 88 50 81 84 82 53 32 51 30 59 23 14 68 87 101 98 41 27 80 68 38 50 14 44 44 26 43 74 34 87 47 38 38 30 33 51 82 79 63 20 21 81 70 64 55 55 23 105 88 77 50 52 62 44 56 95 98 55 29 85 30 90 78 43 84 69 73 26 59 51 74 52 77 40 106 86 104 65 65 89 46 42 77 44 81 80 52
87 45 97 34 37 75 43 19 73 21 34 97 32 96 55 101 76 62 76 28 61 40 64 25 25 59 102 105 87 39 17 107 52 43 43 41 40 52 20 34 64 14 86 43 43 38 17 28 36 54 87 82 35 21 84 76 86 58 41 38 105 85 73 46 40 89 56 72 93 92 61 31 94 35 100 96 38 92 57 84 22 38 42 57 34 72 41 104 97 89 73 64 76 53 29 73 42 75 76 29
103 51 84 42 61 63 39 20 53 15 25 101 34 81 41 104 84 62 60 42 57 35 76 30 26 69 86 88 83 36 28 97 48 56 56 29 41 47 29 38 73 22 107 41 47 53 28 42 38 79 86 65 36 29 90 78 85 46 39 14 114 75 85 36 63 77 34 70 68 83 55 29 67 11 92 88 34 86 48 79 35 53 51 71 57 79 56 91 83 98 77 56 87 46 37 55 40 87 63 45
79 43 79 13 44 60 40 37 53 11 20 93 29 88 48 97 84 66 70 36 74 12 76 46 15 73 85 87 89 25 13 98 70 38 55 19 58 38 30 40 67 22 105 54 23 61 29 37 31 54 85 83 37 38 87 64 76 44 41 39 89 76 83 59 59 71 49 65 96 89 59 45 93 31 74 68 35 98 68 77 17 64 46 69 27 75 45 85 85 95 54 54 86 28 56 60 28 69 70 40
107 33 94 25 48 82 60 17 69 37 46 73 13 91 37 96 81 57 51 28 53 20 78 48 22 64 92 84 82 29 11 95 59 51 34 14 58 31 29 43 71 13 105 46 43 56 26 46 38 74 85 59 22 32 83 86 76 37 31 22 88 74 77 42 52 64 34 54 93 102 57 20 69 21 77 72 52 102 59 62 33 52 57 60 30 81 63 106 70 101 76 76 83 28 50 71 27 63 67 46
98 49 98 38 48 71 36 43 67 16 22 77 31 102 50 86 93 56 71 33 70 21 62 35 33 75 84 83 99 27 14 89 40 45 41 35 50 45 44 52 85 27 101 53 39 54 25 31 26 58 85 63 43 17 80 71 66 36 33 18 99 89 85 41 46 74 47 47 69 97 44 22 75 32 81 78 52 74 70 79 29 52 44 80 35 76 53 93 73 93 58 63 90 32 27 68 54 90 56 40
102 56 69 24 65 83 55 18 62 27 24 92 34 86 56 87 90 55 73 29 55 23 71 47 16 63 93 105 82 35 20 83 52 40 49 36 56 41 43 40 84 7 85 58 42 47 14 47 36 65 95 64 25 35 70 68 87 58 48 27 101 90 81 59 45 61 33 63 91 93 64 25 90 26 82 75 41 93 60 75 15 43 33 55 38 79 62 102 77 104 73 70 70 48 55 67 37 78 74 45
85 44 79 17 51 75 51 45 75 37 17 98 10 102 29 97 77 71 58 47 53 31 75 47 28 68 84 106 96 31 35 80 60 35 32 23 40 51 26 58 81 23 91 42 28 41 29 44 39 59 85 77 26 41 85 79 77 43 37 44 98 83 95 35 45 70 40 65 93 84 38 26 76 28 94 91 42 102 45 59 36 35 51 63 57 72 36 90 88 96 79 79 74 52 55 52 47 65 73 51
96 43 76 33 38 82 43 36 70 22 45 93 24 97 41 81 103 65 64 33 49 13 75 18 20 48 99 85 103 30 33 90 48 53 40 29 53 44 27 32 74 9 88 46 28 50 18 31 41 56 106 70 42 40 89 69 73 58 44 31 94 92 96 41 50 77 57 77 82 108 61 21 77 16 87 68 38 95 63 76 28 49 44 70 39 78 44 78 86 111 52 75 92 54 46 52 47 65 77 40
96 34 82 16 58 70 52 21 71 12 33 74 16 92 30 81 102 62 75 36 61 36 76 32 23 76 96 100 102 39 31 81 44 62 49 27 35 41 34 56 65 8 111 43 34 40 28 32 43 84 83 63 36 41 87 80 78 54 36 32 115 79 77 48 39 81 58 61 94 98 50 41 86 37 81 73 54 101 73 58 10 36 57 85 50 71 39 105 74 108 75 75 96 36 38 72 28 90 70 33
