30 10
10 21 60 68 54 95 58 33 62 94 73 32 42 107 99 43 34 34 59 51 20 78 34 26 65 49 79 33 87 82
25 32 46 74 44 110 51 41 49 73 75 33 33 86 98 33 23 44 44 44 34 63 41 16 89 46 92 55 92 63
39 26 57 83 48 108 57 32 42 73 73 32 58 86 81 61 37 33 41 51 30 65 30 13 85 45 94 47 93 69
17 39 54 93 39 98 54 53 45 80 100 34 54 83 90 47 32 37 55 51 36 71 43 24 67 33 80 36 110 74
31 27 69 66 31 100 63 27 33 92 85 30 37 97 89 46 47 26 38 61 18 62 21 10 75 41 106 49 92 62
32 24 59 65 50 114 71 53 34 89 78 38 40 94 85 37 43 38 63 56 13 74 24 12 88 36 84 33 102 70
15 39 44 74 42 107 63 48 38 93 81 30 37 84 77 54 38 31 46 46 38 87 35 22 75 61 104 31 110 70
37 17 68 80 50 104 50 29 53 93 77 32 58 107 74 46 37 31 55 49 15 67 45 20 62 60 93 48 108 82
24 26 68 87 53 94 41 45 43 70 93 45 37 97 92 57 35 28 39 37 31 88 30 11 85 54 107 48 107 70
11 25 51 88 37 85 55 45 61 78 99 53 34 87 77 37 37 41 51 42 26 60 29 15 79 33 86 38 107 62
