50 10
92 88 38 62 69 20 36 77 105 57 93 96 34 22 50 27 72 19 28 78 92 64 86 67 67 16 57 55 77 70 60 54 101 79 20 71 84 81 41 44 56 98 42 98 99 48 42 94 80 35
71 87 52 64 39 41 27 72 103 81 87 86 51 17 75 38 64 19 42 68 99 72 91 81 77 20 56 42 95 94 66 53 83 69 15 64 82 90 33 49 59 87 48 95 92 63 37 92 82 40
97 77 34 73 52 40 27 83 85 80 83 81 45 16 58 50 71 39 23 85 98 54 83 70 50 39 52 46 83 94 65 72 77 71 14 63 77 72 45 47 76 95 21 87 102 76 42 96 108 36
84 66 35 85 60 37 46 88 95 53 95 97 40 30 64 34 56 37 50 72 99 53 99 96 73 28 46 56 94 90 74 77 84 87 10 74 76 71 24 47 58 76 34 71 88 67 29 77 97 37
81 63 46 90 67 42 29 82 101 66 106 85 38 43 69 27 57 32 34 65 77 65 76 66 57 17 68 50 81 89 57 57 89 89 17 77 77 77 22 65 77 89 51 73 102 63 49 91 101 49
73 63 36 74 61 25 18 77 85 70 82 81 44 19 46 42 69 37 26 78 81 53 81 80 69 11 62 41 82 70 75 74 73 93 22 76 88 73 17 74 64 84 23 71 101 55 33 86 94 54
75 65 35 68 46 31 33 76 90 69 91 84 48 22 75 32 66 19 42 60 94 69 105 76 61 37 72 64 87 83 75 73 77 94 8 83 65 77 39 67 62 104 34 69 84 59 29 104 105 43
96 84 52 63 51 47 31 70 75 66 89 91 58 17 58 24 76 33 28 82 77 65 84 91 65 20 73 63 77 69 67 52 95 92 13 81 82 87 40 69 61 98 26 93 81 52 25 103 88 42
83 80 54 65 48 29 23 85 91 72 86 88 39 25 68 37 78 37 43 68 98 62 80 69 60 41 69 52 86 65 51 68 99 82 28 55 68 72 25 68 66 87 34 69 90 59 25 83 103 48
99 80 58 65 54 27 35 94 96 66 89 96 41 29 62 28 68 22 48 78 87 54 79 94 62 15 59 62 97 94 62 73 89 70 33 58 78 80 38 49 69 87 45 88 105 50 41 83 86 61
