100 20
90 34 49 64 31 74 47 65 73 41 54 109 60 37 89 93 98 66 86 51 19 78 79 11 40 84 31 73 62 33 29 64 57 77 50 44 32 34 44 49 72 82 41 65 18 78 76 57 38 65 65 8 96 87 58 107 51 25 36 86 72 92 31 106 81 84 71 86 65 36 23 24 95 57 34 35 80 77 78 94 17 78 89 7 26 39 37 23 97 58 59 53 66 52 26 83 35 91 29 96
86 46 49 59 39 81 39 53 55 56 70 80 47 7 98 98 99 59 82 34 15 90 76 24 59 95 54 90 67 33 42 75 49 85 63 23 41 31 66 68 47 74 37 57 20 89 84 53 39 67 63 30 93 92 69 115 42 28 55 67 79 85 51 86 97 87 67 95 71 43 45 32 84 82 34 14 84 76 69 89 24 58 103 29 41 53 35 28 79 61 62 44 65 32 30 67 9 94 55 87
103 57 26 48 26 68 33 62 55 42 56 79 51 35 88 103 113 61 67 37 29 88 88 20 48 95 41 78 55 11 18 63 47 73 63 16 46 22 69 68 58 66 46 60 43 91 90 47 42 87 59 27 83 83 73 93 36 20 50 68 80 110 34 104 109 95 68 74 84 32 35 20 105 62 39 27 86 58 69 110 35 73 80 10 24 50 38 29 89 57 53 53 51 47 31 58 9 85 58 106
101 44 45 39 51 79 21 72 64 43 66 92 65 25 79 106 103 67 86 40 26 93 86 29 64 84 47 73 53 28 15 80 60 92 62 29 59 29 70 55 68 75 61 58 40 63 99 45 13 95 60 18 93 98 82 85 34 18 39 70 90 99 33 90 103 69 66 79 83 50 33 20 84 67 45 25 77 77 87 105 42 63 88 9 46 45 33 39 82 70 41 52 65 41 47 67 9 85 52 104
99 39 32 63 49 75 38 65 75 47 68 84 65 36 99 84 91 69 95 32 18 89 69 15 51 101 26 62 74 30 28 59 38 76 47 22 43 23 72 72 71 88 39 70 24 75 98 57 13 71 58 14 91 103 86 101 33 31 30 63 76 100 24 98 111 73 69 101 90 49 41 19 83 63 38 16 100 54 66 100 12 65 96 22 50 52 17 43 91 62 37 49 50 38 37 67 20 75 51 95
101 46 24 61 43 64 34 61 64 43 79 84 64 24 92 83 85 60 89 48 32 101 66 30 69 107 40 65 62 24 22 53 50 78 45 36 42 31 48 47 51 77 37 87 38 66 78 46 41 76 51 14 103 104 71 96 49 28 34 71 69 99 40 79 85 71 46 93 87 34 29 26 79 70 23 8 97 72 68 107 42 62 97 24 36 44 24 41 98 67 61 42 58 22 42 69 16 75 51 100
97 40 48 64 30 65 17 63 79 43 65 83 50 24 83 83 112 74 90 36 38 84 86 33 66 111 26 87 74 19 34 71 58 97 69 28 36 35 58 61 66 59 45 66 42 76 74 45 41 77 45 17 81 83 87 89 32 37 34 74 82 105 24 103 101 71 61 94 70 35 23 36 80 58 19 34 82 71 79 93 14 63 97 23 27 41 36 30 95 47 61 42 43 46 27 77 35 104 54 109
99 45 51 58 29 71 32 67 74 51 66 81 40 17 84 94 104 80 81 45 39 90 79 36 40 99 43 72 56 23 42 80 48 78 66 25 60 20 48 66 53 66 42 82 38 74 83 58 29 74 58 28 105 80 79 114 44 21 50 61 78 103 30 90 96 84 44 102 66 43 27 27 91 62 25 18 77 64 63 90 38 59 92 22 40 51 38 18 77 53 38 37 45 40 31 75 24 93 43 84
80 44 28 47 34 66 25 74 54 61 74 84 54 9 97 104 101 74 89 38 42 104 78 21 46 106 26 89 75 34 37 66 40 81 66 37 55 26 57 54 49 61 46 84 29 76 99 47 40 88 66 19 86 84 81 109 40 21 38 64 80 108 39 85 91 88 54 97 81 39 23 41 90 60 45 15 96 57 75 110 29 66 94 17 27 46 22 42 89 58 36 49 47 51 47 82 10 96 46 88
88 58 53 54 42 92 25 59 63 57 59 85 56 7 75 87 90 83 86 51 36 77 62 17 44 83 33 82 63 13 19 66 63 73 55 40 37 19 52 61 60 80 41 67 46 82 90 47 27 88 44 23 99 105 72 103 50 18 58 84 80 105 39 88 104 77 50 75 80 62 36 28 98 54 31 23 90 65 75 102 24 61 92 15 41 49 30 40 98 69 39 49 69 27 21 71 29 82 31 96
83 46 29 54 52 63 29 51 55 57 68 86 54 21 75 96 94 83 94 53 32 93 78 30 60 107 29 65 54 20 35 56 61 102 53 27 55 34 53 69 47 64 62 60 18 93 76 56 39 89 64 23 96 105 86 91 39 35 37 89 70 95 40 98 101 76 57 79 82 39 37 18 91 79 19 13 94 65 81 101 18 52 99 25 29 56 37 25 92 61 40 53 52 23 26 77 25 104 56 105
100 33 34 56 44 64 30 55 64 59 71 87 57 25 76 96 85 71 95 26 40 97 68 17 60 94 45 66 68 10 16 66 59 95 49 27 46 26 54 54 47 89 61 58 38 66 101 44 42 70 66 5 89 83 76 85 48 22 48 67 61 95 38 99 104 90 45 75 63 61 41 26 95 63 34 29 76 70 86 111 19 60 85 36 49 55 30 27 79 47 50 40 45 39 32 75 35 84 54 112
91 40 45 47 53 91 19 66 63 51 58 89 57 7 96 87 110 73 91 35 15 102 83 39 56 85 29 71 60 29 42 70 60 84 61 43 57 22 51 76 59 69 37 75 29 93 97 54 19 65 41 21 87 105 72 111 42 41 28 64 82 97 26 91 86 90 50 76 72 48 28 36 102 53 30 18 100 65 69 106 18 71 84 25 41 52 15 34 82 48 49 45 47 48 36 61 24 92 31 106
85 35 27 41 35 89 47 52 53 33 59 79 40 29 104 81 91 88 93 28 41 98 83 28 62 106 50 85 53 20 25 71 38 76 68 24 34 5 43 73 64 71 54 77 44 70 97 61 22 76 69 5 103 83 76 87 43 28 31 82 90 86 51 90 86 65 44 76 64 53 17 26 103 77 17 32 91 53 72 111 35 74 85 12 31 35 22 33 80 60 64 49 59 43 18 55 35 99 42 86
96 49 44 66 54 90 44 75 73 59 56 83 60 14 84 77 93 65 87 52 18 81 72 30 62 110 35 69 57 27 20 62 35 94 55 29 42 13 52 71 65 74 49 82 44 89 90 58 29 77 55 12 95 76 84 102 49 33 46 68 90 98 43 101 90 68 58 91 83 35 39 39 89 57 17 37 81 51 62 105 30 80 96 33 43 57 37 34 92 55 35 38 66 32 27 68 16 93 48 84
81 47 40 51 42 80 45 68 58 59 72 81 63 20 94 103 91 61 80 49 26 96 82 12 63 85 24 88 57 35 31 65 55 87 47 39 38 28 66 49 42 60 46 86 43 65 90 63 42 68 41 8 95 86 88 104 30 37 42 76 63 95 25 80 100 71 56 101 76 32 24 44 105 71 26 20 77 66 84 87 28 81 103 18 35 55 13 46 95 64 43 56 67 29 29 59 27 105 39 98
103 40 24 62 30 77 18 71 60 32 53 95 42 17 82 96 95 80 93 45 32 79 79 36 58 88 46 63 74 12 40 59 36 88 62 26 52 34 58 57 59 61 51 62 19 84 80 50 25 68 50 29 104 92 67 97 41 32 50 76 80 94 31 88 106 68 60 93 78 53 46 22 93 79 40 22 100 59 65 91 20 72 92 6 44 43 31 21 98 70 36 39 43 43 24 68 31 90 39 92
86 40 39 53 24 63 21 64 75 40 79 90 37 15 93 99 104 71 75 52 26 82 74 37 60 105 43 73 53 37 14 56 41 98 71 31 38 9 70 50 70 70 40 84 42 78 77 65 39 80 48 30 93 92 82 105 36 29 39 76 90 86 35 79 104 91 58 73 89 58 37 27 101 63 24 21 82 66 69 96 40 57 85 29 30 44 40 29 79 60 62 52 43 24 17 71 13 83 41 108
81 40 54 41 34 79 33 75 68 43 61 103 57 22 99 95 113 86 94 50 18 87 64 19 60 96 49 71 54 14 38 55 39 75 57 25 39 18 58 49 45 79 39 57 36 74 82 54 17 74 47 18 86 86 77 100 54 26 50 67 67 87 44 91 104 90 44 85 88 56 25 16 79 54 20 25 100 63 74 113 13 63 92 22 41 28 21 35 92 58 51 47 61 25 33 61 12 83 37 100
97 60 45 65 27 68 31 59 63 48 81 93 63 27 88 93 86 78 84 51 24 88 61 17 56 86 24 91 47 25 28 66 57 86 61 44 38 22 66 58 48 61 60 65 22 79 98 44 38 74 63 27 84 88 85 97 30 35 38 80 66 105 37 86 85 91 72 97 77 39 26 31 93 68 31 14 103 52 82 92 26 60 95 9 51 50 35 36 102 62 43 53 62 31 43 74 9 88 55 96
