100 10
25 63 84 28 96 100 44 56 90 38 81 78 34 78 111 87 91 76 63 15 85 72 85 28 93 74 20 54 39 46 72 81 29 88 85 68 22 82 89 81 66 72 58 59 51 43 84 37 28 50 89 103 17 29 109 90 56 53 50 47 50 85 34 99 80 70 23 40 108 102 98 71 72 25 96 40 23 57 18 64 76 49 67 34 31 89 33 99 33 12 92 61 95 96 58 43 64 24 83 75
29 60 103 44 79 80 67 68 79 43 87 78 35 90 109 65 83 76 69 38 98 65 79 37 112 67 28 48 54 43 81 90 31 81 81 67 37 79 101 57 66 87 47 47 59 30 89 35 8 70 97 85 31 53 95 101 57 48 52 40 50 102 38 103 88 47 42 45 96 73 95 71 47 35 78 17 22 42 19 59 88 48 65 11 21 69 57 83 51 9 111 50 103 76 68 47 59 33 83 94
11 40 73 42 100 106 51 62 72 61 100 72 27 97 87 76 103 82 63 37 107 65 65 50 109 73 24 47 57 48 67 75 13 101 69 67 36 95 88 71 62 90 45 48 65 46 100 51 20 75 92 93 37 30 90 80 55 56 40 49 53 82 39 96 97 64 22 37 83 102 101 70 69 8 87 11 18 53 39 49 93 41 49 22 24 79 38 79 37 11 84 76 91 69 55 50 63 15 85 89
37 58 96 49 85 85 44 45 74 45 93 53 33 95 94 70 94 89 69 27 88 74 89 36 96 84 34 38 51 62 91 77 20 92 70 78 36 104 94 67 80 65 54 53 39 58 96 34 29 50 105 103 33 27 92 96 51 39 41 51 70 92 53 81 93 57 47 57 83 82 104 86 44 13 95 40 21 38 44 49 76 55 49 31 26 75 47 94 44 20 113 47 103 88 57 53 55 29 81 86
31 67 101 51 101 99 45 56 94 64 85 60 40 79 100 65 96 102 68 17 107 93 83 51 91 69 18 62 51 48 89 96 19 90 65 76 22 91 95 76 61 88 66 57 51 31 96 31 16 60 99 82 37 35 109 88 49 43 54 49 66 93 40 99 79 59 17 33 99 101 87 79 45 10 85 39 21 53 43 66 96 69 67 29 35 75 54 93 27 16 92 56 89 68 58 34 36 10 82 76
12 42 81 29 81 101 68 42 75 36 89 67 31 85 86 69 82 92 40 30 102 84 75 53 103 66 40 58 34 55 78 98 21 96 90 85 32 91 101 71 54 68 61 70 44 56 93 58 35 50 99 87 18 52 80 97 46 51 62 53 72 93 63 108 75 55 29 55 112 90 106 64 49 15 77 16 16 55 22 58 75 68 64 27 10 74 30 80 29 10 99 57 100 94 47 36 55 35 92 83
21 67 96 32 77 102 42 51 77 63 71 77 43 77 103 91 75 99 43 32 89 74 65 38 110 69 27 63 38 49 90 87 19 81 78 73 28 99 88 84 64 77 51 72 62 55 103 49 32 62 79 80 12 44 110 100 63 65 61 47 75 110 37 92 81 64 42 42 83 103 83 63 63 14 82 24 33 43 16 57 74 48 75 28 35 73 38 76 24 15 112 58 101 70 51 55 38 22 88 83
16 61 76 43 80 92 72 46 73 53 92 78 42 103 87 94 102 86 47 30 101 87 74 52 84 71 20 52 33 60 91 95 12 104 68 66 49 80 92 70 74 87 39 62 54 36 80 34 18 75 89 108 38 53 87 89 69 36 54 35 75 110 34 99 88 58 43 57 96 92 95 69 68 35 97 35 19 53 38 56 99 47 71 32 24 95 57 74 21 17 100 68 78 85 72 40 48 30 82 99
26 66 82 47 104 103 72 53 89 64 82 77 35 97 86 90 96 92 64 15 89 70 91 28 99 69 29 42 37 65 63 90 30 86 68 87 47 78 87 84 51 75 37 61 51 50 95 56 7 60 99 95 37 39 87 85 70 58 33 53 51 83 61 102 92 43 19 43 84 77 83 69 74 32 71 15 19 34 20 50 94 66 65 15 12 90 29 82 41 27 86 59 87 80 72 42 59 23 85 89
35 64 80 28 84 86 68 62 73 46 85 62 44 93 97 78 92 82 48 20 95 69 90 46 103 77 29 49 40 61 86 91 25 82 86 88 48 101 87 83 55 88 66 56 43 38 79 39 30 67 85 109 35 39 103 106 55 46 39 48 76 86 42 98 75 40 25 37 101 101 100 85 73 33 74 41 22 37 26 60 70 54 65 25 27 69 27 94 47 15 97 64 78 87 51 47 46 16 69 84
