30 20
24 50 82 48 74 51 95 70 45 35 93 46 91 91 60 64 39 49 43 49 47 72 58 70 32 50 25 74 68 63
29 68 97 59 82 70 90 59 50 58 101 60 89 63 61 69 40 39 42 53 41 95 41 72 30 41 38 61 42 79
35 68 95 49 74 68 84 57 39 48 93 59 103 67 56 71 40 55 18 56 31 80 61 87 24 49 22 73 61 59
36 42 83 37 67 74 101 51 40 43 87 59 97 72 59 83 37 37 26 62 44 80 63 94 54 42 31 54 69 80
25 67 83 35 70 47 76 63 44 37 109 60 91 85 74 63 41 36 30 60 22 70 62 72 35 48 13 55 48 56
47 64 89 40 75 70 92 53 56 36 111 53 87 87 75 76 38 45 39 53 39 83 51 68 30 32 35 57 45 54
22 67 99 37 69 74 86 76 35 62 93 54 89 90 68 77 43 52 31 42 38 76 46 91 48 43 20 66 69 63
40 43 90 33 78 74 81 70 46 51 111 38 113 84 66 61 32 41 23 40 26 89 62 67 39 47 15 76 72 60
40 64 69 45 60 69 83 48 55 40 92 37 92 86 52 68 36 35 26 36 32 69 50 66 46 34 30 77 53 71
35 53 88 38 62 73 75 67 58 64 110 60 94 63 59 79 22 51 16 49 47 91 57 67 52 31 34 72 56 57
25 64 79 56 74 64 94 62 64 54 112 55 100 63 74 86 20 44 23 58 19 73 55 93 40 57 13 51 57 58
44 39 87 35 73 62 72 66 47 49 101 46 110 93 79 72 19 37 39 47 40 86 65 71 47 61 29 66 59 64
42 49 72 33 72 44 84 77 39 61 112 62 103 74 53 61 29 61 43 49 21 81 61 86 39 61 8 70 42 64
21 64 77 42 63 72 72 49 52 34 91 56 104 76 55 83 41 43 25 34 42 96 47 66 52 46 21 61 61 70
35 46 93 41 70 50 76 54 49 55 86 50 91 65 57 62 30 51 28 43 31 83 51 69 40 53 32 55 49 56
36 53 88 40 68 69 80 56 64 49 91 56 113 81 57 66 24 46 26 50 24 70 58 69 28 47 20 59 69 56
37 51 73 39 80 73 89 53 51 54 89 40 98 68 76 66 27 52 38 43 42 86 59 64 30 52 16 58 42 52
35 63 75 55 76 57 71 70 63 49 98 38 98 90 75 80 48 55 24 45 45 69 43 90 28 43 24 58 49 70
31 55 72 47 74 67 97 76 55 55 87 33 112 91 70 59 48 43 19 33 23 68 53 75 50 37 27 74 68 59
31 39 95 35 73 44 87 75 46 56 115 32 115 67 76 83 43 57 44 46 41 92 49 86 32 46 20 77 62 56
