100 20
86 28 93 43 79 40 82 34 42 96 35 46 96 52 89 52 87 70 84 35 55 36 37 59 93 87 45 27 107 21 37 69 64 20 56 72 72 49 26 52 27 67 66 82 27 30 73 108 58 75 93 101 52 65 87 84 103 55 60 44 56 82 51 61 25 95 18 69 16 30 33 34 74 48 92 54 76 96 81 44 70 62 92 105 26 69 85 73 55 68 70 91 24 51 63 46 6 68 38 89
95 39 100 55 91 28 64 46 53 112 45 76 93 40 71 56 68 63 103 20 56 17 53 72 90 106 46 37 85 25 58 56 78 31 69 66 89 27 37 64 40 50 61 78 46 42 83 96 53 76 84 106 65 69 98 83 90 70 64 64 55 68 32 60 18 96 14 68 25 10 15 32 64 60 74 54 68 92 88 52 63 63 81 105 33 56 99 91 59 80 54 89 32 36 57 44 25 87 42 76
72 18 92 35 100 32 71 38 46 109 24 73 87 35 63 30 67 49 92 43 62 34 38 61 110 89 27 38 109 21 56 67 81 20 52 60 75 49 30 61 44 65 72 84 42 24 95 107 52 59 101 89 63 79 101 74 87 70 77 60 65 69 33 38 42 83 14 73 14 32 22 26 70 68 80 55 69 98 100 39 59 72 78 103 38 49 93 94 44 62 49 88 22 57 77 53 19 76 38 82
78 17 74 39 82 37 80 21 50 97 18 61 100 46 71 33 86 62 99 22 66 18 37 56 108 81 27 36 105 26 44 44 82 30 58 64 86 30 33 69 27 62 67 94 37 32 67 85 62 64 108 108 80 85 86 83 103 70 68 42 69 65 49 55 25 95 30 69 33 14 22 14 72 52 80 47 66 90 109 35 47 67 85 112 48 69 103 88 50 82 48 111 28 51 49 36 26 73 36 66
74 38 80 34 94 56 66 20 44 113 35 72 110 38 79 54 85 48 94 27 74 15 30 68 99 108 36 51 98 17 40 56 81 19 82 84 86 35 20 52 55 45 58 78 24 38 85 107 59 86 105 99 71 86 91 80 99 66 57 57 59 59 38 60 22 101 17 74 37 31 17 36 69 56 67 60 69 97 102 32 71 47 71 115 27 56 110 94 45 77 47 94 39 40 72 45 6 83 29 91
84 16 88 58 84 28 66 45 67 104 30 60 105 54 91 38 61 57 97 13 49 15 39 53 112 98 29 34 107 22 43 47 70 26 54 85 76 44 19 67 52 42 57 84 47 35 78 93 51 68 110 89 64 78 109 79 85 53 69 63 64 78 41 54 33 105 35 68 13 15 12 14 61 52 96 40 70 100 105 41 69 75 83 88 26 71 105 84 46 67 55 92 52 39 73 45 8 85 29 82
72 41 76 43 91 52 83 21 52 107 42 55 109 46 89 28 80 53 83 35 61 39 34 51 102 105 30 26 99 27 36 39 67 26 53 67 68 43 7 55 44 67 71 84 52 32 70 82 51 77 105 111 73 68 100 55 86 77 69 44 45 79 40 61 20 98 34 72 19 7 26 23 84 53 83 68 59 103 83 22 70 57 89 103 23 72 92 75 49 77 64 98 29 42 54 34 23 68 42 66
91 19 102 40 108 48 70 27 42 108 39 52 110 38 88 51 86 51 106 39 57 33 46 77 92 96 28 36 93 36 48 56 64 14 58 64 70 35 16 53 31 50 60 74 25 20 67 84 66 84 109 102 78 63 88 61 91 53 81 37 68 63 25 62 42 100 19 65 10 24 39 34 79 55 81 62 87 100 110 37 53 64 76 115 32 46 92 71 35 60 71 114 35 42 60 54 8 65 49 74
94 35 77 40 108 46 63 45 44 83 20 76 110 31 88 40 60 53 90 36 46 12 35 53 109 102 43 53 83 14 34 41 63 19 61 77 90 46 35 50 32 43 50 83 24 32 72 86 57 64 106 104 54 77 100 80 91 67 72 46 50 62 49 49 18 81 16 68 21 31 34 35 89 60 77 50 60 81 80 23 67 59 90 85 35 70 85 72 56 62 52 103 44 35 50 39 12 79 45 63
90 24 91 62 106 56 56 45 39 99 40 59 108 46 78 47 62 54 112 41 63 14 40 61 114 88 41 39 84 13 55 45 90 23 52 76 82 30 16 68 35 68 53 71 51 16 89 93 59 80 93 114 57 62 92 82 83 71 58 49 42 80 42 38 31 97 34 53 14 9 20 8 69 50 92 43 67 87 89 23 56 62 71 107 37 48 90 70 55 71 66 101 45 46 62 39 30 92 52 62
95 23 79 34 102 31 75 39 64 100 25 49 101 34 72 51 81 68 92 15 75 13 37 55 102 101 49 27 101 18 45 58 88 10 66 83 72 49 33 70 43 44 43 101 51 38 95 81 59 82 104 105 62 75 108 69 89 65 85 41 58 79 47 42 26 94 26 65 26 16 25 12 66 52 93 57 78 85 84 26 60 76 88 113 36 72 85 97 33 58 53 95 28 45 57 46 33 92 40 89
95 30 86 60 87 38 57 17 60 89 34 61 107 41 70 57 72 76 91 20 56 39 56 49 87 95 19 44 104 21 47 57 80 16 56 78 69 31 30 66 28 57 56 91 25 22 74 107 57 63 82 99 65 74 108 57 80 50 80 58 70 70 48 39 40 102 39 62 13 35 35 13 79 50 78 50 78 79 94 27 70 66 92 101 21 68 107 97 41 68 63 114 30 35 53 47 11 92 47 70
99 22 86 41 89 54 59 36 65 108 39 58 84 55 80 56 62 47 91 42 48 40 30 49 112 83 47 51 94 24 58 40 90 21 60 59 83 36 13 70 32 55 60 99 31 26 87 85 56 58 98 113 60 65 103 74 89 57 78 49 45 67 35 38 24 106 26 74 15 18 34 14 78 77 74 45 81 99 103 26 64 60 72 98 49 46 90 78 29 71 61 93 36 28 56 31 30 78 46 82
79 33 90 53 96 29 70 25 50 83 25 68 92 34 84 33 74 56 98 17 50 25 28 47 99 83 29 46 101 30 38 57 93 35 70 62 68 35 33 72 31 41 51 100 22 39 80 102 37 75 96 105 69 67 103 65 99 63 56 47 42 53 25 43 34 90 31 52 11 36 40 15 75 70 91 46 67 75 97 41 65 75 87 110 39 62 106 95 44 56 73 98 45 48 63 43 14 78 36 90
80 26 77 52 102 41 77 33 46 92 30 59 86 48 86 30 62 49 108 38 65 16 50 49 114 100 28 51 103 25 32 61 90 20 78 74 63 42 22 48 28 57 69 93 37 18 86 95 52 73 97 110 73 58 109 60 104 52 65 63 52 63 29 59 38 85 39 51 17 10 37 13 66 63 84 67 74 74 93 31 45 65 73 112 25 58 89 75 34 84 49 103 38 56 67 59 26 74 43 80
76 26 78 42 87 43 77 31 59 105 31 54 109 38 72 37 73 63 83 40 50 11 31 58 99 109 27 51 98 6 56 56 71 32 69 73 63 37 28 48 32 50 48 90 45 15 95 110 41 67 93 99 52 65 84 71 88 50 86 57 42 70 49 60 20 95 38 49 11 13 16 29 68 55 69 44 75 102 106 51 53 55 70 111 39 60 81 90 44 75 67 111 38 33 69 31 19 78 43 64
72 32 82 34 82 48 61 21 41 98 37 74 105 32 92 53 87 58 112 24 45 29 40 51 89 97 48 25 83 9 37 63 75 13 73 73 66 50 25 66 52 61 46 76 30 36 82 82 65 82 95 92 55 63 91 74 96 66 59 34 64 57 47 62 20 104 11 62 26 23 23 25 91 57 96 62 67 93 108 30 55 51 79 112 28 68 105 96 55 84 47 96 50 29 74 48 9 86 25 83
75 39 85 60 92 44 57 42 57 102 42 65 99 31 68 35 82 75 83 39 65 36 48 59 110 107 41 51 102 27 55 69 82 23 58 75 89 51 15 47 55 51 71 75 22 43 76 97 48 79 110 85 58 57 89 66 92 76 63 57 64 57 24 56 36 92 17 76 26 30 37 22 90 69 90 50 77 86 95 28 64 54 91 115 31 60 91 94 48 62 45 98 22 54 72 58 36 69 42 64
84 24 74 51 103 39 83 38 55 110 37 70 89 43 76 51 76 54 103 27 73 24 40 61 93 95 33 49 84 6 44 68 86 14 61 64 84 31 31 47 29 49 44 95 27 13 95 105 62 59 111 90 52 77 94 73 104 62 84 34 41 63 48 64 39 94 38 73 36 21 31 35 90 52 88 61 57 94 86 44 68 72 68 113 36 55 80 89 38 77 63 109 32 50 54 54 13 78 29 81
94 41 83 46 107 32 66 32 51 100 20 67 90 34 90 32 62 62 107 32 64 22 37 64 95 101 32 27 106 35 28 57 72 14 67 73 79 37 7 60 49 50 57 82 27 14 83 98 47 58 103 103 68 84 107 74 102 75 62 36 50 69 30 44 42 98 14 48 32 8 25 28 69 73 88 49 79 86 83 35 44 47 97 102 44 56 88 88 47 60 60 98 27 43 67 48 22 85 52 88
