30 10
46 48 38 48 54 16 53 42 46 62 31 70 28 63 96 84 67 58 48 42 30 96 28 91 8 108 69 65 78 53
28 49 37 56 71 41 49 31 47 55 16 73 43 65 84 70 54 50 38 62 41 81 26 82 36 103 59 66 95 29
39 47 51 71 68 36 49 32 56 40 20 49 20 53 106 69 42 38 62 47 42 96 53 103 17 83 80 68 81 46
26 55 52 51 51 28 49 29 74 52 24 75 40 72 95 78 50 49 47 46 29 98 28 100 28 86 89 78 73 47
53 77 53 46 45 32 50 22 64 43 29 78 33 61 88 68 64 48 47 38 51 97 28 99 15 89 72 65 91 56
26 71 43 57 67 34 62 33 63 50 36 51 23 68 93 65 65 30 39 53 40 102 26 100 22 96 62 67 76 42
33 77 59 54 72 30 74 24 61 60 14 77 20 64 78 86 48 39 40 34 50 89 45 95 21 95 73 67 86 50
53 49 57 72 47 38 68 24 67 34 18 55 25 63 104 79 67 33 63 51 35 89 28 90 18 90 77 72 89 52
41 62 32 56 69 31 75 19 61 40 33 72 29 59 85 60 62 56 44 44 51 110 24 96 18 94 64 71 87 52
54 54 39 53 42 32 62 27 54 43 26 66 47 53 82 63 65 29 45 61 44 104 25 108 21 88 81 61 84 47
