100 10
56 84 84 58 46 83 57 110 43 77 52 63 80 60 38 47 28 77 46 34 34 58 98 30 86 29 89 35 65 44 38 27 43 40 43 104 99 67 67 50 77 31 72 94 26 79 28 84 66 90 59 42 45 66 34 64 24 21 90 20 48 87 31 95 103 34 89 87 98 65 31 89 85 33 29 78 23 20 60 58 95 33 41 37 43 24 53 50 24 56 36 67 49 73 78 86 41 16 16 62
29 68 101 43 38 62 65 96 39 93 36 67 89 82 41 48 16 63 39 42 32 69 101 11 97 22 73 41 87 25 47 37 42 26 32 81 81 48 90 49 63 29 86 87 36 78 36 77 81 80 59 18 56 60 29 61 31 36 87 35 52 73 52 110 103 52 74 78 79 68 17 92 114 26 46 63 35 35 55 64 75 15 51 28 42 31 49 38 13 52 31 75 29 90 61 99 35 33 26 57
26 82 85 57 53 59 67 108 47 81 46 56 98 59 46 57 32 62 54 29 33 48 100 34 77 29 93 57 73 43 22 56 48 26 29 102 88 60 94 47 76 21 85 95 12 77 45 92 71 72 66 31 37 61 27 43 49 36 96 6 34 75 50 102 90 38 68 94 94 80 40 109 111 52 47 79 35 20 56 57 78 31 50 46 49 35 53 39 24 74 35 67 49 66 80 80 49 30 6 43
28 85 74 46 59 65 40 93 53 83 36 65 78 75 55 40 14 79 45 52 25 45 98 28 94 41 83 49 83 23 30 38 43 48 34 82 88 60 84 42 71 21 90 87 33 83 41 93 60 71 45 35 29 71 21 39 38 24 97 31 47 83 50 97 104 49 88 92 95 70 41 108 105 51 27 78 36 35 67 43 92 15 56 30 48 40 52 56 20 80 21 54 46 90 55 88 50 27 7 40
46 69 86 47 44 77 41 102 41 96 40 75 92 68 48 43 25 75 32 55 38 71 82 26 99 31 75 48 68 33 39 32 37 40 28 88 77 53 72 41 58 15 66 69 20 67 33 86 68 88 47 40 54 80 37 64 46 36 86 21 42 66 36 99 103 48 81 82 84 65 25 99 87 55 30 90 24 46 52 39 98 23 33 31 44 33 31 43 9 79 35 51 53 73 59 77 53 30 13 39
54 86 94 71 55 62 43 98 63 102 38 54 75 53 53 35 37 76 34 37 34 49 87 34 77 30 67 48 78 36 25 45 55 42 36 90 84 72 85 50 57 22 88 84 23 75 22 97 84 81 55 30 27 68 36 45 30 7 79 26 54 61 42 88 105 54 97 78 89 62 16 90 104 46 56 75 46 22 45 56 87 33 30 53 45 51 40 46 19 67 39 54 34 90 76 83 30 33 14 48
47 88 97 48 33 72 46 89 50 91 57 63 93 63 41 42 29 87 60 39 26 52 89 20 82 41 86 29 92 38 46 39 67 35 30 95 84 72 83 57 77 36 92 87 38 77 15 85 63 83 58 12 34 59 35 65 27 25 83 5 59 80 39 102 90 51 91 96 81 90 21 108 96 54 37 71 29 27 54 46 91 12 55 25 55 52 29 45 21 58 32 81 44 79 72 99 56 23 23 54
54 66 91 63 46 58 45 97 35 91 47 54 81 74 52 50 38 71 33 53 28 46 105 33 85 39 95 34 90 37 38 53 44 23 26 93 105 67 97 61 61 39 82 72 27 84 24 81 68 91 44 17 29 64 34 66 23 19 81 20 57 88 26 103 101 46 72 95 85 82 17 84 87 41 55 69 51 20 61 53 92 16 30 25 46 49 54 37 10 77 37 70 42 66 80 95 53 24 17 47
31 66 95 68 38 57 37 101 58 93 37 49 94 74 59 62 16 66 45 40 26 62 90 27 101 34 67 45 92 53 38 38 46 19 41 88 89 51 87 44 55 18 78 76 13 89 45 102 72 73 45 15 29 67 30 59 41 15 93 33 36 66 30 88 94 55 98 77 82 62 12 97 93 40 54 91 46 39 67 50 90 10 57 48 42 49 55 38 20 53 20 55 49 70 78 98 44 9 6 62
49 72 101 59 31 77 64 83 52 81 55 62 102 79 37 53 21 70 51 43 42 45 79 33 101 26 68 43 79 50 30 37 56 47 41 103 79 45 93 55 57 22 90 82 28 70 28 88 84 97 46 23 29 66 13 69 23 26 69 27 51 83 34 94 103 59 74 80 95 75 37 95 94 47 49 66 27 22 63 51 91 28 51 54 39 41 37 54 37 64 42 74 30 62 79 100 31 6 36 37
