30 10
64 91 63 94 12 71 49 25 65 60 96 35 82 110 21 80 35 57 68 35 75 29 17 68 91 23 54 78 30 66
93 76 62 87 32 78 50 7 61 50 95 28 81 110 28 97 45 71 53 46 66 38 20 85 114 18 55 63 29 78
65 87 90 89 36 74 52 30 56 58 92 48 85 100 29 72 45 73 69 45 56 32 23 82 108 34 50 64 49 62
79 69 72 105 13 67 28 13 58 47 68 24 98 107 20 78 30 71 76 42 46 50 22 86 112 14 64 89 33 69
82 77 82 79 38 86 34 17 41 46 67 29 90 106 24 95 30 74 74 60 54 40 32 93 86 21 52 85 37 92
73 92 71 86 37 67 39 15 39 43 84 36 77 85 41 80 28 51 57 46 61 40 43 75 110 23 41 81 55 83
75 84 91 88 16 65 53 17 46 43 70 45 79 96 40 100 42 62 60 52 60 36 37 75 111 26 48 66 30 77
83 69 66 89 24 88 28 22 50 57 95 39 81 100 22 72 48 52 56 37 48 31 28 96 85 40 53 66 34 87
77 92 69 103 23 76 26 30 50 54 67 52 70 115 23 75 42 62 77 54 56 48 35 66 99 30 45 70 31 71
90 81 64 106 27 60 39 18 64 68 86 29 79 110 33 75 35 76 76 55 63 48 35 93 108 15 55 85 34 63
