50 20
88 82 69 58 36 91 47 44 41 29 42 42 100 60 45 83 70 90 29 67 43 62 52 89 104 89 64 86 81 13 46 45 82 77 69 99 58 98 40 67 26 71 49 43 104 31 67 92 39 60
89 63 68 61 16 95 51 36 43 44 34 60 78 49 69 76 50 79 42 67 36 43 31 93 97 101 77 81 86 20 49 66 89 59 74 77 46 82 24 72 12 55 34 38 82 48 51 81 30 76
78 71 62 51 35 100 53 45 25 49 49 48 98 61 45 75 50 89 28 75 51 72 42 90 90 85 68 87 87 11 35 69 82 54 70 81 60 96 24 63 26 68 50 40 100 33 44 80 23 50
80 82 50 48 41 113 34 51 24 39 36 68 91 63 65 77 75 64 36 86 48 53 52 94 100 90 83 97 104 25 29 51 79 75 68 87 54 102 42 68 34 71 37 17 107 41 65 106 36 56
68 82 67 59 40 113 45 49 26 33 41 44 94 63 59 80 56 76 38 79 50 68 34 97 85 83 63 85 78 11 47 72 86 61 88 84 62 91 39 50 38 44 42 40 82 24 74 108 44 65
95 78 47 60 30 101 39 32 27 50 45 55 98 42 59 83 49 76 29 84 50 67 45 73 93 91 76 97 88 35 50 53 72 63 86 99 58 94 48 70 23 67 43 22 81 42 65 91 35 65
85 74 48 75 29 111 37 34 38 45 37 60 81 50 53 79 57 77 30 86 66 68 39 75 94 89 57 75 84 32 39 46 93 78 85 93 52 82 42 57 23 64 32 15 99 39 63 83 39 54
88 63 65 70 14 109 33 52 33 39 46 50 82 62 63 61 58 64 38 67 44 64 53 80 102 85 79 83 96 11 23 66 75 68 93 75 39 88 50 68 35 48 40 14 89 52 51 85 16 61
69 77 69 50 38 105 41 46 43 34 53 52 91 35 45 77 48 86 34 91 52 46 24 73 95 91 68 97 85 15 51 68 77 67 92 73 37 91 32 61 26 69 48 22 94 31 48 103 46 71
69 62 47 73 40 87 35 53 28 33 28 53 74 51 71 73 68 65 30 81 47 69 27 98 96 96 72 88 79 8 39 46 69 72 87 79 44 84 41 64 12 51 40 41 105 52 67 92 30 48
86 61 53 48 38 112 51 30 28 39 48 71 103 52 64 80 53 65 35 87 59 53 34 88 75 87 81 88 77 7 31 62 90 65 68 81 43 97 44 52 21 68 24 22 92 51 67 80 42 47
70 78 50 71 29 103 54 50 44 34 43 51 101 37 58 63 66 69 17 73 39 64 39 79 96 71 62 88 79 18 47 47 87 60 68 73 40 101 26 66 18 47 34 14 103 49 66 85 33 47
69 68 65 75 26 107 38 46 35 35 26 53 79 58 46 72 63 77 29 86 40 59 36 87 101 94 72 102 97 19 50 51 74 62 71 78 53 88 27 69 35 61 38 37 81 49 51 104 29 75
87 63 61 64 17 103 47 53 26 46 47 46 77 59 51 82 67 65 28 68 54 72 52 71 96 99 68 97 98 25 41 50 88 80 82 91 49 99 31 68 40 43 48 37 95 34 55 85 41 46
94 65 44 54 21 113 31 44 27 57 28 57 90 64 63 60 62 64 28 81 48 72 32 75 88 88 85 97 95 17 38 60 94 73 80 69 35 103 28 72 29 71 25 44 93 51 72 84 36 47
82 62 45 69 25 89 50 27 48 50 53 63 77 36 61 68 67 83 32 78 44 64 45 97 93 95 81 103 92 30 47 52 73 67 80 82 51 103 26 55 25 48 50 33 88 44 64 82 21 49
89 79 48 57 28 93 53 25 45 37 51 42 95 43 65 54 47 90 28 95 49 62 24 75 97 74 69 85 99 21 41 57 76 77 93 74 32 83 46 57 37 68 34 32 93 29 50 101 29 74
89 85 48 61 25 94 55 47 43 37 26 62 104 51 54 74 59 84 45 67 44 67 34 88 93 76 63 76 98 21 45 65 71 66 93 88 42 92 50 56 42 72 48 26 86 46 59 86 41 51
84 72 50 75 40 96 49 25 47 57 28 42 98 42 58 53 59 69 43 78 41 58 32 89 85 101 66 98 76 20 49 50 95 58 67 82 56 98 37 78 30 44 34 32 102 37 74 106 34 63
88 67 68 68 21 89 44 41 24 53 44 55 96 44 65 76 75 74 28 80 57 53 43 94 99 97 75 80 94 15 28 58 71 60 84 85 50 89 52 72 13 56 45 42 88 44 50 87 28 63
