30 20
29 88 55 38 21 18 48 56 41 82 102 87 28 37 69 108 86 31 85 58 46 35 64 45 93 79 53 52 43 56
23 77 59 33 36 27 26 55 44 85 93 71 53 51 59 97 88 48 78 60 47 34 75 63 72 101 42 53 46 52
35 77 50 16 18 28 31 75 68 88 95 81 51 49 79 85 99 38 98 34 66 36 47 54 96 99 38 50 22 78
35 73 58 9 21 24 34 72 38 85 91 88 36 28 66 90 105 44 77 40 41 47 59 57 92 78 32 72 26 77
30 83 53 11 33 31 39 64 56 68 84 92 50 29 73 90 100 46 89 36 70 51 62 51 89 87 46 63 40 67
39 77 44 29 33 24 37 78 50 72 111 73 50 34 59 107 88 42 77 56 66 42 68 45 86 96 55 77 24 49
38 69 41 18 33 18 32 55 50 76 94 80 47 27 60 99 93 38 91 40 43 57 53 55 75 91 36 65 22 78
23 71 46 27 18 30 47 62 62 66 84 92 30 51 67 98 101 43 82 34 54 38 70 53 82 106 39 49 43 49
22 93 60 12 15 18 44 68 64 70 92 86 52 27 64 100 101 40 105 56 69 53 60 40 78 88 60 77 22 78
40 90 60 17 26 36 53 72 59 75 97 76 52 51 56 84 113 45 107 50 66 53 67 37 82 94 40 48 25 65
39 90 56 35 15 35 27 80 65 77 87 91 36 30 69 92 93 52 93 34 54 49 75 53 84 99 36 52 31 72
16 84 46 28 12 17 46 61 46 72 102 94 48 32 53 86 104 59 97 57 46 47 76 56 67 89 44 61 24 52
32 80 39 36 22 26 42 60 54 71 108 81 49 33 60 112 94 31 96 56 51 43 55 57 83 89 45 72 21 73
35 76 38 37 10 14 47 65 38 79 98 67 34 52 62 94 98 38 103 36 59 37 63 61 68 77 56 48 25 62
13 74 67 26 17 37 26 67 48 89 99 67 52 26 53 86 91 41 84 62 53 40 60 52 77 83 45 56 38 63
40 86 64 21 28 16 53 61 53 67 88 87 55 38 77 91 94 44 103 58 48 46 76 56 75 105 37 67 19 65
35 91 66 13 11 16 28 82 38 82 105 79 51 35 81 86 91 45 95 52 43 48 63 40 73 79 48 49 45 76
16 88 56 28 10 20 50 58 53 68 111 75 57 27 67 100 110 37 100 58 56 49 61 59 80 92 51 77 35 79
12 76 60 15 21 31 37 53 47 89 88 67 47 45 61 109 95 48 77 40 45 45 73 42 68 94 40 61 41 49
11 81 57 27 33 20 56 71 43 75 95 92 29 28 71 92 112 37 94 44 51 59 67 50 76 90 38 53 44 75
