50 20
45 81 59 82 18 83 28 25 99 96 26 24 37 83 66 60 84 70 66 77 56 31 25 25 98 99 53 92 51 21 99 29 97 92 50 68 89 34 26 99 15 35 10 72 33 54 19 50 43 40
53 88 91 59 76 22 46 50 21 41 95 16 53 74 73 21 44 71 50 56 57 78 47 69 18 76 53 43 15 81 17 89 49 75 85 68 31 88 79 53 81 29 18 34 46 74 87 87 44 81
46 28 30 94 45 21 10 44 27 83 22 56 53 80 81 84 81 64 81 15 97 96 99 98 15 72 67 50 98 73 49 61 19 38 68 62 13 39 46 68 97 44 59 64 24 33 21 29 70 31
72 37 94 51 26 75 32 10 14 82 10 67 52 73 79 47 25 81 81 43 30 16 69 63 21 18 77 66 41 85 13 40 26 14 87 38 93 53 59 93 74 33 29 55 42 62 50 48 17 95
52 17 76 29 90 100 29 59 66 47 82 67 51 82 56 13 88 19 78 26 61 15 100 64 58 98 82 49 44 97 50 66 86 19 29 71 54 66 20 17 73 34 50 14 97 34 69 30 67 37
17 90 28 60 29 23 29 23 28 18 16 73 22 88 76 64 14 19 49 10 84 74 76 28 70 98 87 59 11 88 14 89 90 74 71 97 72 23 14 43 96 65 21 19 29 78 70 85 49 89
65 74 79 75 67 58 48 45 69 67 36 52 13 61 74 36 23 91 78 96 48 46 47 54 44 64 10 64 78 47 36 60 91 53 77 74 95 39 99 27 43 53 17 78 21 58 43 13 82 43
73 42 44 39 13 44 97 49 74 17 88 86 57 79 49 32 83 83 91 74 89 99 93 26 24 14 89 73 76 27 18 36 85 66 30 69 12 83 50 64 11 31 100 26 43 38 38 76 76 51
21 72 76 81 13 94 31 55 48 52 33 46 44 46 10 12 30 40 87 13 49 81 56 10 29 71 72 63 36 59 50 46 90 54 11 68 82 23 14 20 72 30 37 69 21 33 31 21 86 60
23 76 25 97 82 93 40 49 91 70 26 96 70 32 47 74 51 25 67 44 93 89 99 37 85 16 92 98 89 20 95 42 68 25 25 18 16 18 10 85 81 13 11 63 67 52 27 78 94 89
71 28 75 44 82 20 19 98 34 77 64 60 87 70 43 40 11 23 88 43 87 51 86 86 28 71 92 50 83 57 95 95 67 50 75 24 19 41 57 23 11 100 40 15 53 84 81 31 98 27
12 59 57 95 89 91 93 76 18 85 47 60 57 86 84 55 29 96 89 94 38 90 21 42 94 65 70 29 75 24 23 25 11 18 15 86 85 95 32 47 70 65 90 18 89 23 55 79 29 91
24 84 81 98 57 80 54 75 28 56 30 90 62 84 10 69 65 61 35 16 95 44 79 32 35 70 100 80 69 26 49 83 81 17 14 66 12 38 33 75 11 33 52 21 73 74 11 58 67 35
92 100 61 17 88 85 27 41 20 62 94 68 10 80 55 16 100 70 30 82 78 41 56 74 18 77 85 16 48 35 75 97 72 14 58 23 41 11 14 13 66 60 87 57 47 92 12 61 19 66
29 15 16 49 24 39 18 29 39 99 78 41 54 47 55 11 53 19 83 83 38 85 72 71 82 57 45 73 14 91 81 59 32 88 90 63 93 12 59 72 96 70 69 23 52 27 98 48 99 10
48 82 56 39 33 33 90 60 45 29 18 99 13 66 97 70 95 73 50 11 44 45 18 17 22 17 58 29 83 25 39 71 46 83 39 53 65 77 90 95 18 66 32 52 34 12 22 10 85 52
34 69 77 36 59 20 20 90 58 66 55 94 45 53 81 37 53 29 60 72 60 20 31 39 65 94 43 78 28 30 13 92 20 54 39 12 11 17 46 99 33 42 25 96 40 19 40 47 84 58
60 58 84 99 62 98 64 78 23 63 79 39 55 35 100 63 88 99 98 72 86 68 50 79 36 26 36 30 36 19 38 38 53 76 33 64 40 81 28 72 41 47 95 48 84 36 46 45 36 74
44 40 62 97 46 89 38 26 94 24 22 91 71 84 34 54 72 13 68 77 83 30 26 94 73 22 27 74 86 36 77 59 100 83 71 100 78 69 62 86 58 81 31 91 12 83 26 89 87 23
10 38 28 31 19 21 75 15 63 83 60 46 13 82 62 72 94 40 65 14 60 14 85 56 39 75 75 95 51 69 28 32 38 54 30 63 36 28 26 51 91 80 96 93 26 59 42 27 88 45
