100 20
86 42 87 63 49 90 97 85 33 57 73 52 52 23 80 44 29 51 12 98 80 53 49 42 93 29 49 28 67 57 98 96 97 30 24 69 72 12 40 67 50 28 39 45 10 89 49 75 33 98 21 38 75 40 28 42 41 100 76 79 34 13 99 64 41 79 13 79 30 88 11 71 87 86 86 63 98 73 64 21 51 26 18 66 80 83 67 35 35 89 45 59 42 42 36 95 99 21 35 25
33 32 84 49 88 97 69 59 83 27 54 38 23 22 46 53 11 36 61 28 25 21 25 74 68 50 32 67 58 20 10 87 37 46 39 20 80 80 84 19 90 97 89 65 56 61 37 55 54 50 100 51 15 58 24 12 87 36 37 93 70 84 51 33 11 45 72 78 54 21 87 15 39 72 22 56 46 80 78 11 30 38 58 46 43 43 19 42 87 30 35 57 25 15 75 66 24 38 12 80
16 33 68 55 88 99 13 92 14 57 55 41 23 92 13 35 30 83 74 36 97 59 78 78 91 66 41 52 48 66 79 79 57 78 58 50 23 37 67 47 50 79 46 16 38 58 27 97 64 64 50 26 42 69 65 43 48 99 63 63 23 68 33 37 59 14 71 67 82 87 49 75 62 57 60 50 100 71 34 55 49 64 17 66 41 35 80 16 66 71 59 23 67 87 68 89 26 62 16 14
99 83 92 34 45 80 80 25 82 70 29 28 99 38 80 96 100 32 25 75 65 10 97 46 66 60 79 86 31 45 23 66 37 68 95 50 100 27 62 45 57 97 67 70 73 19 34 79 28 62 65 87 37 40 85 11 81 59 18 65 47 97 28 10 76 18 76 100 38 23 95 65 65 12 40 97 91 57 77 100 39 56 56 23 52 16 43 49 68 61 54 93 43 32 19 99 93 91 68 53
14 36 47 65 44 75 17 28 40 89 34 80 95 82 60 98 50 80 66 74 79 40 50 62 23 30 53 39 10 99 86 68 16 87 77 61 23 32 58 47 67 22 28 87 43 37 73 89 75 13 61 64 34 17 90 30 50 90 66 36 47 93 14 91 92 81 32 91 34 12 41 35 16 39 37 95 26 98 92 62 71 12 77 56 56 61 22 20 33 80 71 82 96 33 18 88 15 63 93 71
78 77 26 39 30 60 13 18 19 71 71 52 95 12 66 23 12 50 51 36 42 78 13 41 90 11 94 58 55 28 96 58 24 35 30 56 10 96 20 23 92 82 78 58 72 28 95 64 26 57 48 13 92 85 88 38 58 54 54 57 84 91 73 14 82 15 67 31 70 84 43 48 50 47 32 89 24 99 93 30 29 76 85 12 21 60 27 91 50 60 15 28 85 28 20 57 21 30 30 36
48 29 25 99 89 19 52 57 83 17 74 78 87 86 29 20 100 49 71 85 68 63 19 86 87 24 77 73 99 81 36 69 74 84 83 70 56 20 33 31 44 76 100 44 33 89 90 27 68 10 90 19 33 29 13 90 25 93 60 34 19 47 98 75 36 50 15 33 29 80 50 17 14 71 36 65 21 18 10 78 61 40 89 71 62 18 56 57 76 44 36 34 10 83 56 67 10 31 44 98
96 18 30 90 91 40 43 12 91 35 28 39 56 85 74 51 24 31 89 63 49 95 90 68 91 23 65 41 27 72 42 33 25 20 79 74 88 19 15 54 35 32 73 16 94 24 14 11 69 93 40 75 55 95 97 47 55 37 23 84 23 37 10 47 93 21 78 98 21 26 49 81 43 55 74 61 87 55 46 99 19 17 97 22 59 55 31 56 38 83 94 72 69 53 81 31 50 20 18 100
87 98 11 18 58 14 63 25 69 83 73 52 26 65 39 76 89 71 29 82 88 65 78 93 63 86 74 32 28 68 99 61 63 15 83 98 87 75 27 47 26 97 53 30 92 27 47 82 100 72 52 93 94 63 88 63 75 67 54 43 51 79 32 53 84 48 52 82 44 60 69 22 94 49 74 19 62 84 48 77 35 52 64 73 68 34 93 55 31 49 85 96 30 82 16 97 16 30 66 81
23 87 76 82 40 30 31 88 66 30 69 14 24 54 56 57 46 100 46 84 85 55 24 92 55 29 74 39 83 60 58 37 47 71 59 63 99 89 91 44 82 26 92 20 82 54 62 70 98 38 100 91 98 51 90 49 95 36 43 43 40 31 15 64 22 94 46 68 36 85 36 88 64 98 60 29 96 92 36 11 72 83 38 40 53 54 54 29 71 42 72 60 54 23 67 99 80 67 45 39
11 51 40 10 65 73 88 26 61 76 93 73 11 44 74 37 51 86 25 23 73 46 34 95 39 63 23 52 30 71 19 79 33 48 60 67 12 18 52 13 95 42 74 74 32 94 74 44 80 84 31 89 66 44 49 30 93 61 82 62 93 47 46 47 25 29 12 34 28 58 100 69 17 69 79 62 43 63 87 26 29 26 68 90 58 34 48 45 64 81 71 31 96 50 36 47 91 73 77 20
85 84 45 50 14 53 85 34 24 100 48 38 12 79 58 96 91 19 84 34 14 91 61 43 90 70 51 85 51 67 82 92 21 45 88 66 36 31 57 87 65 96 26 93 68 75 16 62 19 60 24 38 17 74 29 24 10 10 61 92 20 70 84 98 36 86 31 89 88 14 60 23 23 33 80 92 60 29 30 89 65 84 84 99 75 87 21 73 16 57 73 75 87 39 42 41 67 41 79 61
66 80 12 34 23 60 66 10 85 98 43 76 51 95 50 80 42 41 84 95 48 15 92 23 15 28 75 38 72 49 58 62 76 14 13 91 97 86 61 11 93 85 56 69 90 47 75 73 51 91 12 51 73 89 14 65 65 20 59 95 22 94 14 22 70 88 27 49 83 93 69 66 90 45 14 87 27 11 99 49 43 92 39 92 14 78 43 76 60 91 76 41 54 46 14 26 64 79 13 70
34 21 84 17 57 61 78 96 37 42 90 35 52 51 88 54 11 56 81 13 10 39 68 60 45 18 80 72 28 49 66 30 49 45 69 11 69 60 89 42 37 47 64 39 48 43 37 73 99 28 53 41 52 91 54 80 39 19 98 97 46 16 55 63 10 69 36 15 13 32 90 99 27 36 30 41 94 30 51 73 28 51 11 40 40 50 89 22 58 39 97 15 36 86 61 69 58 19 46 39
64 56 21 85 32 82 16 37 77 95 79 29 34 99 42 95 94 66 10 12 71 90 99 82 19 26 94 95 68 42 77 40 81 38 36 50 59 53 33 59 37 18 18 21 34 92 87 71 95 81 69 18 52 48 47 32 29 22 34 54 26 63 78 12 34 13 82 68 73 67 71 93 37 96 26 62 71 82 48 54 47 25 99 29 34 56 74 72 49 89 45 64 95 86 96 96 13 64 67 96
39 58 40 87 39 84 20 95 80 97 10 66 47 73 53 86 40 77 63 66 60 95 80 86 68 80 47 57 79 52 94 57 86 60 17 55 39 18 30 87 94 82 21 35 23 98 82 91 15 96 77 45 49 58 49 68 28 66 90 31 12 20 51 94 47 70 71 89 92 70 98 78 47 86 60 37 43 100 94 97 96 14 53 78 43 28 54 13 78 65 65 61 69 41 88 80 68 64 49 65
39 26 42 74 73 77 40 85 34 83 26 66 19 89 64 37 20 78 71 23 69 62 83 17 20 28 20 14 73 42 76 96 47 69 41 32 33 30 37 82 35 73 89 61 66 100 49 53 46 62 99 95 48 58 49 54 95 35 24 58 77 70 87 71 45 71 61 43 27 79 39 21 87 38 18 44 24 41 95 36 56 31 31 58 66 38 31 11 59 66 55 74 36 74 81 44 19 74 26 35
64 79 63 24 84 77 56 61 47 49 29 51 10 47 83 93 54 95 51 69 28 87 32 98 54 85 100 99 77 54 34 11 43 97 81 33 61 50 58 79 22 91 35 53 85 84 61 12 23 42 63 20 18 87 54 82 24 91 95 73 90 90 17 36 17 29 48 59 25 93 66 33 57 94 56 27 22 47 68 12 88 33 99 80 25 47 34 77 54 85 86 76 50 33 13 46 65 94 47 24
31 80 62 86 55 81 33 73 44 19 94 61 52 44 46 48 96 56 84 80 46 23 16 25 59 30 28 67 45 43 41 29 38 31 79 53 61 67 61 46 89 20 51 68 85 62 70 20 88 61 74 19 14 78 26 11 18 68 39 48 19 70 68 73 88 15 94 45 65 15 19 20 15 79 18 36 99 69 68 28 97 47 13 100 57 37 74 73 46 97 70 35 29 93 77 15 33 48 76 41
70 19 35 55 32 94 89 36 52 82 72 64 61 46 57 56 64 13 85 35 92 44 46 75 37 80 74 80 78 55 75 26 43 74 20 56 76 50 25 30 23 89 74 20 72 93 47 89 96 36 31 28 15 70 92 61 97 15 56 37 50 30 100 64 33 79 36 73 78 11 49 66 43 24 96 29 82 67 73 42 50 90 93 98 97 19 58 69 26 100 25 99 28 79 48 68 93 99 89 16
