100 10
37 79 58 43 36 72 72 50 96 91 84 18 72 21 54 87 81 68 62 67 40 26 99 52 22 34 70 56 36 44 17 10 43 40 31 28 32 27 81 31 66 88 81 23 39 52 33 76 16 37 92 64 36 71 25 81 86 59 29 87 11 70 96 78 20 24 21 10 90 29 31 24 21 96 66 37 10 35 40 37 19 16 93 85 41 55 79 87 41 13 46 33 92 36 85 51 23 48 95 65
32 100 61 88 25 94 24 80 71 17 64 70 12 77 37 21 21 33 93 16 36 88 15 45 15 15 84 49 16 84 17 99 38 69 40 77 14 77 94 58 94 27 49 47 24 83 78 17 81 56 28 17 16 88 70 48 72 14 99 17 18 50 44 68 86 30 11 19 22 13 67 44 47 53 58 49 92 17 98 54 21 81 42 13 92 33 84 71 80 40 67 65 54 87 55 58 75 90 79 56
100 59 51 41 52 19 86 41 40 98 66 44 51 68 59 24 91 55 38 25 57 78 76 86 88 84 38 10 15 45 96 86 54 71 19 68 64 72 62 93 25 74 84 79 91 35 47 94 47 97 46 19 80 74 91 94 97 59 53 10 43 29 81 90 50 94 92 90 40 14 48 17 25 13 41 21 62 22 59 30 35 33 68 63 66 69 16 87 71 74 12 99 97 93 91 23 22 11 17 56
77 43 82 33 26 87 86 27 40 37 96 46 91 83 35 99 100 93 99 90 98 66 26 21 83 59 33 94 82 42 56 30 29 23 55 11 23 50 24 30 54 88 81 60 55 61 78 18 62 21 100 99 99 99 67 66 94 44 21 28 57 85 18 21 42 10 62 57 41 64 93 43 83 96 89 37 47 55 71 67 40 75 77 83 25 74 30 48 42 46 15 49 74 44 55 18 67 46 39 10
92 31 11 12 75 74 53 74 81 49 95 47 28 88 81 36 47 96 96 16 31 65 32 57 62 40 71 14 13 44 77 50 51 32 67 32 83 61 55 86 64 77 57 37 37 28 76 29 76 93 58 40 81 42 37 55 55 40 16 90 52 68 35 84 11 100 100 81 12 28 72 41 21 74 91 96 30 62 100 33 66 94 97 38 13 28 35 36 23 100 17 22 63 75 31 35 38 84 19 24
34 94 38 28 63 31 36 14 88 53 98 28 55 65 73 97 45 66 35 99 51 58 60 79 90 29 100 14 68 71 40 91 93 76 37 41 39 32 26 70 60 49 97 12 93 34 36 94 82 79 71 66 79 100 27 16 77 45 10 71 90 34 86 51 47 83 24 22 55 24 60 47 94 82 10 39 49 10 94 83 50 32 53 83 54 88 97 48 61 29 100 60 98 100 24 57 83 26 88 43
70 88 19 12 92 55 33 41 72 12 28 18 49 63 88 19 10 98 37 15 67 62 58 10 57 46 92 73 78 43 88 22 56 26 70 30 80 24 39 45 55 81 63 58 78 30 87 38 98 100 48 11 29 43 28 52 87 85 42 31 48 87 45 82 57 64 52 54 85 74 88 91 37 32 40 34 21 39 45 98 26 93 36 43 84 38 15 50 17 39 38 45 39 75 23 18 52 84 20 86
55 84 64 26 62 73 34 92 55 98 27 27 53 33 37 68 62 34 17 18 27 15 67 62 100 97 70 59 44 85 51 62 54 36 60 100 18 83 74 65 33 23 39 54 52 34 53 62 24 47 24 98 73 89 30 59 44 21 95 74 73 92 64 78 13 85 40 18 54 87 98 31 99 45 34 63 93 74 47 64 76 72 99 75 64 45 63 37 17 77 84 49 60 18 35 39 75 69 66 22
56 100 21 39 25 21 83 78 86 28 39 41 55 56 87 95 80 98 99 50 12 41 61 35 47 92 30 85 81 95 37 76 63 84 52 56 93 73 31 76 16 93 19 79 82 40 12 52 70 59 67 88 26 50 99 45 87 29 27 17 75 54 54 36 21 81 22 55 53 72 82 15 32 58 18 54 59 83 91 14 13 47 36 10 57 43 37 70 41 55 69 33 88 57 97 56 74 76 92 48
76 81 100 17 62 29 100 48 82 52 14 92 47 19 53 82 39 74 94 96 96 54 10 90 21 11 68 82 59 48 52 76 84 100 47 68 65 91 58 89 97 38 59 29 30 67 100 40 85 39 40 70 46 87 99 36 17 50 47 100 91 31 35 59 54 78 85 38 94 13 88 70 76 45 94 99 70 94 82 73 87 47 96 85 67 74 14 13 49 90 43 90 15 100 73 92 47 34 16 23
