50 10
92 48 20 88 97 48 83 77 53 50 96 75 36 53 45 47 28 71 24 35 88 56 91 33 78 11 52 76 84 52 83 37 80 72 87 64 26 30 42 91 92 64 81 11 68 59 51 95 85 64
94 19 18 82 90 68 33 50 33 39 72 55 23 19 30 46 47 66 48 98 47 64 29 28 46 63 100 25 91 75 79 38 63 87 90 19 53 21 59 29 57 44 14 37 66 71 84 21 74 55
53 66 82 70 95 51 20 73 28 38 14 99 94 55 76 42 64 18 72 76 98 70 76 89 85 73 62 69 45 70 27 37 98 67 66 13 79 83 45 57 61 57 87 38 89 15 42 27 45 22
13 77 27 87 10 28 51 95 53 45 100 76 47 37 32 62 50 89 26 32 47 74 84 53 59 51 14 11 63 46 23 16 31 23 67 89 90 98 73 45 15 86 23 27 50 61 74 62 27 100
30 23 42 27 87 55 19 81 32 14 33 32 42 47 26 73 14 97 85 12 31 40 54 50 85 41 92 57 59 40 62 73 97 84 38 70 15 64 77 73 59 60 31 76 54 18 20 65 79 16
51 75 67 95 57 33 100 51 78 73 33 37 26 36 68 39 19 96 18 67 98 67 99 51 16 48 90 25 18 65 47 63 86 98 77 68 11 46 38 52 35 35 90 92 54 89 81 49 68 87
89 80 84 84 49 13 43 73 32 90 22 93 50 88 16 89 23 85 22 36 18 59 67 45 70 48 26 66 52 45 100 48 86 64 48 39 38 45 68 41 49 23 15 46 78 86 37 63 37 91
71 53 62 66 88 84 61 28 23 59 40 33 20 89 22 100 30 39 62 71 99 54 63 70 27 20 15 46 33 91 86 78 44 98 40 73 88 82 64 88 81 82 92 78 64 38 85 28 78 25
49 44 46 70 88 20 100 38 80 28 62 55 99 22 65 40 62 95 37 70 37 32 50 59 67 46 38 23 58 44 85 61 17 89 24 49 61 98 64 15 42 24 52 86 35 78 51 87 16 41
87 40 32 49 12 23 58 24 83 33 80 74 71 97 56 57 23 16 82 31 89 54 65 85 17 39 91 63 42 13 99 19 39 77 68 62 95 31 46 65 84 55 84 57 32 24 67 73 76 97
