100 20
86 53 11 47 46 64 22 13 75 70 70 22 29 34 100 29 99 68 52 89 68 37 58 81 25 10 84 92 16 46 10 81 32 32 63 24 33 77 24 14 43 81 99 91 60 66 79 79 17 66 90 65 84 80 68 20 67 80 32 66 25 44 66 32 82 36 21 90 72 80 28 34 21 19 87 78 78 65 37 19 96 79 52 55 97 12 90 43 20 12 66 39 74 88 47 58 64 53 15 10
27 51 89 88 19 69 27 89 36 13 42 84 76 71 58 40 98 82 30 78 46 64 56 28 16 59 63 57 47 80 31 47 45 16 82 37 66 93 81 89 55 36 16 40 24 87 63 94 85 72 31 94 51 28 63 35 75 25 53 94 19 91 49 77 26 58 29 98 83 25 45 50 72 62 49 69 17 19 81 36 67 82 33 12 99 73 94 42 26 25 93 32 84 36 23 52 66 19 61 87
93 62 71 31 12 51 80 82 21 84 47 22 66 78 81 80 34 25 19 60 48 47 33 41 74 43 11 62 72 59 24 38 70 19 58 90 25 91 33 22 43 53 85 70 94 53 100 66 20 91 33 41 69 50 72 80 20 30 22 78 100 50 63 76 22 72 46 52 88 81 94 44 35 53 27 56 38 96 67 96 10 43 49 10 17 22 81 81 59 45 63 47 29 66 81 17 27 12 61 33
51 23 14 92 72 93 91 92 44 97 68 83 44 44 84 75 38 29 64 94 19 96 69 61 66 93 74 78 36 25 68 13 19 13 76 76 74 82 63 63 40 41 32 77 49 39 52 54 20 18 27 78 67 95 15 41 100 60 54 33 13 27 49 80 27 39 93 45 16 90 31 15 35 24 78 52 45 94 45 14 25 100 89 53 60 94 56 59 32 72 91 14 34 37 95 52 13 86 40 49
97 21 87 90 92 39 76 39 35 96 67 78 55 14 41 80 63 46 55 43 96 17 50 93 94 91 34 17 28 72 22 35 94 70 74 19 11 77 52 59 47 100 85 40 39 90 100 61 28 81 75 10 22 90 72 28 12 19 88 51 53 13 46 31 14 24 46 15 13 96 48 87 71 66 61 32 33 100 36 77 45 57 86 61 10 55 34 30 49 67 26 74 53 85 51 27 47 82 23 45
73 24 63 22 86 49 67 79 52 91 12 61 20 14 95 54 58 31 38 70 78 93 32 65 47 99 26 22 59 58 82 10 73 85 89 39 86 97 66 11 56 69 39 27 17 46 93 82 40 76 26 64 58 44 36 74 39 72 85 66 39 49 44 24 44 31 64 98 63 78 59 27 88 49 26 76 78 53 51 14 75 24 73 58 87 58 66 14 75 79 53 39 97 21 70 53 39 23 41 60
70 81 41 51 98 62 65 80 99 83 80 87 23 81 80 41 77 43 84 65 90 96 55 100 89 52 37 93 27 45 84 85 36 61 20 28 76 41 98 93 70 54 95 90 98 31 41 94 62 34 84 74 24 52 66 58 69 65 84 63 96 23 53 41 45 23 79 55 35 11 50 75 20 59 22 12 70 52 28 57 14 31 22 46 24 36 10 44 61 39 19 85 57 43 48 50 88 44 46 50
28 96 70 27 98 18 65 64 30 19 54 55 68 58 89 39 52 84 17 98 53 50 37 21 27 17 35 42 85 92 32 63 18 51 27 40 43 22 98 35 90 14 66 99 89 53 21 41 55 91 86 23 49 66 35 52 23 54 99 50 39 48 88 11 55 26 39 91 82 23 80 74 22 56 79 61 54 10 10 91 100 73 17 81 84 45 12 17 67 97 43 59 62 69 64 94 75 97 32 71
30 38 59 38 75 13 49 98 61 85 70 55 70 73 31 28 31 68 86 61 54 40 82 41 35 81 86 60 29 59 13 98 100 32 99 42 86 100 10 28 95 32 90 63 27 22 97 28 63 64 89 88 29 27 88 21 54 17 15 58 87 95 42 96 45 38 35 81 52 92 50 54 31 90 34 24 64 99 79 77 89 99 83 72 33 66 34 95 17 54 37 38 37 84 47 49 47 34 31 45
90 33 68 45 96 51 97 47 38 39 65 64 75 49 42 22 13 34 43 22 11 21 20 71 83 60 88 48 52 79 79 11 91 51 56 47 79 59 87 82 43 20 97 62 54 86 100 13 19 74 40 82 15 75 24 41 33 55 62 92 41 28 95 87 19 46 55 83 77 79 38 85 89 85 20 97 83 84 87 34 65 31 67 39 60 31 72 24 89 88 64 79 21 65 49 80 62 17 11 62
41 61 93 17 60 100 100 36 42 79 21 66 10 82 50 57 88 17 77 86 22 71 80 83 36 54 12 83 62 41 90 31 57 54 86 70 75 42 35 40 69 57 29 89 79 45 52 53 18 30 17 87 28 11 91 32 73 54 12 25 70 86 67 74 61 87 33 78 14 26 11 51 51 45 86 85 14 23 73 51 17 44 26 72 98 39 54 47 65 55 44 92 38 94 57 70 98 15 74 61
31 64 94 42 24 51 30 63 91 50 21 60 52 82 79 95 71 89 58 68 41 50 94 86 20 93 13 51 91 89 97 94 12 70 88 27 20 77 100 100 55 68 83 18 18 58 65 12 79 77 96 99 69 18 21 62 62 26 42 83 52 21 55 43 61 79 70 87 89 49 54 86 80 26 43 72 41 96 66 57 46 92 13 96 10 26 23 32 48 39 13 19 33 53 55 18 91 75 24 71
92 53 56 63 44 58 78 46 46 76 60 72 65 99 20 25 74 97 35 67 25 66 95 21 43 30 58 35 58 31 56 14 12 76 100 72 65 54 75 62 58 43 54 35 46 36 82 51 15 25 79 65 59 91 85 20 75 40 60 93 98 81 19 79 91 28 16 50 29 100 57 95 31 70 31 94 13 83 63 26 36 22 24 34 78 20 18 95 40 74 46 20 10 84 82 11 33 16 55 12
72 53 96 51 60 47 90 91 91 22 24 15 92 63 44 91 86 94 93 34 59 28 20 91 36 19 35 67 31 52 16 25 30 66 51 84 39 54 91 87 91 34 27 92 70 50 68 28 28 49 12 95 77 86 58 71 32 78 67 100 85 25 58 51 67 20 36 31 74 10 84 22 41 95 89 48 44 33 83 13 17 75 50 99 94 80 35 74 97 11 57 34 69 18 46 40 77 18 84 66
92 93 71 76 65 59 63 56 58 78 25 61 64 41 63 49 25 21 74 13 87 12 18 63 15 82 93 52 65 41 100 26 80 22 45 35 48 26 25 40 48 81 60 26 41 66 65 68 75 27 86 80 25 35 22 19 60 36 16 37 35 36 75 48 25 89 84 61 25 67 81 87 62 28 93 17 24 46 22 70 88 78 80 85 36 14 78 20 35 24 39 17 71 32 82 50 62 60 26 25
11 90 100 72 77 90 87 44 88 20 68 62 81 86 35 34 10 53 71 100 76 14 86 63 55 88 48 80 32 12 64 11 98 27 61 57 34 72 62 35 10 14 63 10 29 45 90 37 100 62 67 44 74 43 73 49 83 15 41 99 16 34 62 40 74 55 81 78 75 75 92 41 81 97 49 48 72 13 88 11 95 99 22 75 50 67 86 92 90 37 46 65 84 50 22 28 82 28 10 76
75 31 64 18 11 19 43 53 68 63 32 44 96 38 97 21 23 31 62 43 98 91 78 74 68 26 18 65 76 94 87 17 83 67 73 18 81 13 13 59 76 94 26 42 18 16 76 59 85 11 29 18 43 73 82 30 24 38 36 84 73 70 60 63 71 83 21 43 33 60 100 85 49 44 99 75 28 18 75 17 64 37 11 93 30 12 41 83 56 58 11 78 29 62 20 56 84 67 20 78
94 64 35 68 39 58 61 55 29 93 93 41 92 32 63 76 19 68 42 87 81 87 13 25 64 37 68 54 25 57 92 59 28 88 23 13 46 68 17 81 81 70 48 13 54 24 41 40 89 69 57 95 80 13 72 48 57 36 71 32 86 23 99 34 52 68 32 64 44 77 63 41 57 79 78 10 42 87 70 15 10 69 41 95 90 79 86 87 20 59 51 57 45 10 45 79 15 15 46 19
16 86 35 85 54 24 51 98 63 21 93 12 21 84 86 74 52 75 50 79 90 50 96 43 11 80 66 75 24 48 35 65 29 64 46 31 79 71 16 26 40 82 46 43 14 61 42 35 23 19 65 49 98 47 34 28 32 68 48 14 22 85 31 80 99 91 29 85 41 93 98 76 16 82 88 30 31 58 78 19 61 85 18 25 76 31 26 97 78 77 68 50 14 93 20 34 16 100 84 40
76 26 75 36 92 98 48 77 19 49 56 97 84 85 44 84 37 66 52 50 86 10 55 45 10 10 48 29 79 36 41 21 88 44 78 39 35 42 44 71 60 78 55 37 88 48 46 32 65 92 76 46 27 17 32 86 65 78 61 16 85 42 85 90 36 63 29 87 71 27 20 92 84 53 42 43 54 29 84 82 18 21 76 97 24 50 78 14 67 72 46 60 93 88 66 47 64 99 85 41
