50 20
87 46 63 39 62 37 98 28 43 55 24 93 78 80 59 65 76 47 41 98 98 73 94 61 90 63 98 13 27 20 47 54 21 96 53 48 26 34 81 58 24 100 84 45 91 26 29 14 94 55
25 59 74 28 29 97 24 88 21 55 52 23 20 80 29 91 100 84 10 84 54 29 49 22 58 79 31 43 37 41 95 26 86 99 13 51 49 17 71 44 74 55 84 43 93 54 69 51 39 71
20 26 18 21 42 30 57 80 94 13 18 73 58 21 59 96 13 11 70 66 93 80 16 41 95 28 38 48 31 57 84 45 43 33 52 66 30 72 19 17 100 84 46 38 46 34 85 69 32 31
75 40 92 65 95 74 58 84 23 17 15 21 20 68 82 90 80 40 80 88 30 35 97 18 27 35 18 24 25 61 71 12 33 26 10 48 83 20 91 65 40 68 61 15 90 13 30 25 88 95
18 93 24 51 62 42 17 36 93 55 90 63 21 64 20 75 56 62 57 21 38 54 44 51 73 72 90 80 85 14 53 21 98 55 100 76 23 100 49 68 100 37 93 80 21 52 25 16 75 33
32 43 96 36 10 19 14 74 51 60 72 31 65 60 57 56 77 77 52 82 72 38 41 40 66 23 43 76 11 60 18 32 22 52 43 82 97 97 91 82 77 77 96 100 21 10 34 13 18 70
54 29 89 97 16 48 56 91 39 89 67 37 48 78 12 91 83 43 82 71 15 70 41 25 87 94 22 96 96 65 87 18 71 16 61 60 91 42 75 82 66 90 91 85 48 36 92 73 68 81
38 64 80 27 82 28 40 98 76 47 39 65 88 91 49 84 16 63 17 100 70 20 77 59 98 98 21 35 56 54 62 44 45 46 80 21 13 86 81 57 91 72 92 63 61 72 84 65 94 28
95 83 89 14 62 86 54 16 29 60 61 80 40 50 23 40 98 93 26 49 79 93 63 23 40 35 53 23 93 91 53 27 58 53 37 17 17 53 38 74 27 74 28 80 89 72 44 19 96 10
71 81 70 23 96 54 14 43 85 100 87 35 78 94 82 57 28 95 52 61 60 22 86 56 70 30 11 64 24 72 85 14 40 51 88 65 87 67 61 69 79 35 88 37 68 81 24 43 40 48
88 19 13 95 13 29 71 54 96 53 11 35 13 65 42 67 80 33 34 63 47 96 52 93 87 83 63 12 34 62 59 17 36 75 70 66 91 58 75 65 43 11 97 64 52 86 76 85 50 24
82 24 94 13 68 16 75 50 27 67 67 47 29 60 11 31 45 95 84 16 47 68 28 41 84 67 53 85 83 50 29 20 86 57 84 57 28 77 71 69 98 41 65 99 34 93 50 49 63 83
19 51 88 48 38 75 15 56 65 45 85 56 86 79 100 29 16 38 30 99 43 24 68 77 60 25 81 33 43 32 47 98 10 16 58 95 74 62 57 91 62 22 64 60 96 22 66 23 91 78
59 40 48 25 57 46 35 67 98 72 86 11 60 76 80 13 33 60 27 59 25 18 51 48 31 91 54 31 86 99 28 91 44 74 25 61 26 71 26 33 81 94 58 92 12 68 36 25 32 10
31 43 66 42 12 17 70 35 16 24 74 60 55 12 89 26 13 12 78 77 90 29 50 56 72 20 19 95 26 32 38 83 25 10 90 93 63 77 98 34 90 75 81 23 44 76 92 93 56 59
89 30 22 63 67 42 69 99 53 43 76 98 90 59 33 45 94 34 72 81 81 91 22 41 49 80 86 30 34 62 51 87 29 72 41 32 30 16 48 82 70 83 18 37 59 62 59 13 87 11
100 56 80 81 72 83 46 15 52 74 53 100 90 44 82 44 61 22 81 83 28 68 65 59 25 94 28 39 31 78 24 40 12 67 60 56 15 18 83 26 91 80 24 100 18 82 20 63 76 15
51 14 26 67 22 25 39 40 65 83 25 24 65 90 23 71 25 59 65 14 97 33 93 96 14 30 11 30 92 97 79 29 70 44 11 41 32 22 44 79 66 58 31 12 38 94 26 27 68 72
70 75 24 72 52 11 75 90 47 98 39 98 39 42 69 54 27 98 93 20 76 65 99 82 98 71 17 63 87 72 76 63 48 93 22 38 81 45 84 80 70 84 64 58 46 77 95 24 19 46
80 63 13 17 92 61 50 77 55 48 21 45 63 18 17 74 74 74 22 67 53 79 26 30 24 55 30 17 36 16 57 80 44 52 98 55 23 12 100 12 51 30 16 55 81 94 67 23 80 73
