30 10
80 20 26 42 96 18 99 87 99 90 64 91 63 69 90 100 14 74 84 97 54 95 20 85 84 33 33 83 69 31
46 73 59 39 89 95 67 23 78 65 53 68 86 28 52 55 80 17 43 99 65 33 97 31 38 22 11 61 40 36
84 61 40 45 50 60 74 87 72 98 44 29 41 98 90 94 15 85 30 74 31 68 60 35 52 23 79 81 88 99
42 28 52 24 28 13 35 77 80 94 13 67 40 55 43 67 24 54 15 14 16 92 63 59 73 65 80 83 44 94
89 89 44 53 32 34 16 40 26 26 49 48 96 72 39 40 87 67 29 92 75 44 21 13 89 84 92 14 12 96
37 31 18 47 50 15 90 43 98 77 16 50 62 63 65 78 57 44 39 36 84 55 19 64 43 68 60 42 15 49
13 63 38 78 10 85 87 94 38 98 16 42 71 57 57 34 77 28 63 83 30 11 91 82 42 97 89 38 27 66
79 26 37 31 99 28 60 67 27 48 89 15 48 29 92 46 56 93 75 60 39 40 92 10 32 58 26 57 56 66
98 27 31 34 18 90 31 68 95 89 10 28 62 64 33 78 53 41 38 93 34 64 19 10 74 56 78 42 83 15
12 23 31 59 53 81 14 12 60 29 83 79 28 82 47 39 56 32 100 100 95 39 14 90 84 76 69 58 40 82
