100 20
68 69 75 75 58 100 80 87 55 90 44 16 98 33 87 66 42 99 44 100 49 42 13 14 95 94 88 92 46 35 100 41 84 73 24 94 41 40 36 11 21 78 20 24 20 22 79 86 72 86 92 56 11 78 78 54 89 67 88 24 66 29 17 11 38 16 61 46 63 28 94 66 35 88 22 32 68 88 32 84 92 69 43 43 21 92 67 31 46 92 74 75 69 41 48 31 96 40 49 37
74 27 29 79 53 11 35 53 42 25 21 77 65 32 25 32 36 88 73 99 29 58 56 38 59 87 55 96 95 12 92 65 63 98 57 63 95 100 100 81 25 80 31 20 81 73 41 21 37 42 83 74 26 33 38 38 61 85 60 52 74 30 34 71 99 56 42 64 45 83 46 83 55 78 83 43 20 56 87 100 16 31 91 51 98 25 28 58 44 11 13 64 19 15 77 32 45 12 10 34
55 16 41 36 61 49 30 30 71 68 66 33 14 22 40 37 16 13 22 28 11 39 74 80 11 83 83 44 63 97 28 90 10 15 17 100 70 100 68 45 74 58 86 75 10 27 40 13 42 29 53 16 19 40 100 80 91 80 88 64 52 43 51 29 50 85 100 67 90 10 54 71 97 33 25 50 38 81 49 66 94 15 35 11 39 46 86 14 70 71 77 61 50 11 22 60 31 38 10 30
73 25 86 49 33 96 13 70 21 79 41 18 81 81 75 53 36 70 75 28 50 72 69 90 87 16 50 52 50 42 57 92 48 63 16 76 26 41 46 91 69 38 68 50 34 65 75 24 22 52 62 73 44 46 20 25 31 32 80 60 23 47 22 25 44 28 59 61 32 86 99 26 77 66 81 38 93 98 64 96 68 99 37 27 76 92 60 99 70 26 31 82 74 88 33 53 60 53 89 45
86 27 79 65 43 82 14 71 53 55 57 42 68 61 52 22 59 79 68 28 98 63 26 73 93 69 18 28 16 79 52 73 27 14 51 66 40 63 57 54 17 99 23 84 40 76 62 94 60 30 65 18 95 67 74 56 79 55 71 14 47 36 33 15 95 16 47 81 60 86 95 71 51 12 31 18 29 84 92 19 82 18 79 71 76 19 97 81 79 45 52 17 91 68 94 90 89 92 58 69
36 89 80 46 57 65 32 31 17 41 86 10 18 42 48 28 58 89 34 13 98 80 44 61 50 13 31 76 98 41 10 58 22 36 52 59 99 85 35 93 36 34 36 44 57 85 20 77 21 33 32 79 61 91 32 56 12 61 57 80 61 96 35 32 94 75 81 55 76 100 47 21 39 69 59 53 37 18 27 93 15 68 93 11 91 85 72 16 76 65 72 31 92 84 20 66 59 20 70 100
46 54 29 62 35 26 31 40 90 44 86 80 90 94 99 14 31 49 24 81 30 96 37 98 16 30 62 43 31 70 79 32 15 21 91 10 95 24 64 74 25 87 25 36 23 69 36 70 42 69 46 30 46 60 71 43 79 76 34 79 77 12 48 10 85 18 43 47 76 77 65 51 83 20 88 19 66 88 97 79 52 30 61 44 38 18 95 50 88 63 22 93 15 92 61 14 49 90 67 17
68 13 59 55 87 83 31 63 25 94 89 77 17 71 36 100 100 80 69 14 46 61 54 96 72 43 36 17 61 68 13 90 35 94 71 15 84 44 26 27 15 23 30 60 46 80 67 48 12 94 59 37 73 55 26 12 97 71 19 67 81 60 64 100 42 32 90 20 94 98 51 25 76 53 64 33 87 73 15 27 13 52 73 12 22 17 52 59 21 63 90 32 20 13 23 87 100 20 49 100
64 76 52 22 18 19 85 12 41 44 89 90 30 27 18 59 45 86 100 74 63 47 23 83 54 31 85 66 10 35 40 99 45 48 43 30 98 59 33 33 23 10 96 16 86 100 23 90 55 83 41 58 67 51 37 42 46 72 33 92 41 96 57 21 63 21 100 94 88 29 29 55 28 28 82 55 92 53 67 90 11 21 25 72 90 19 13 25 84 20 18 72 57 82 93 74 32 52 25 56
100 74 23 21 55 60 87 57 89 47 55 82 63 40 90 53 63 61 23 23 20 42 72 58 38 94 52 24 15 41 33 92 79 61 32 43 53 23 15 29 17 73 68 83 18 61 98 96 92 96 45 100 37 15 66 39 17 16 100 50 57 70 23 36 62 47 47 89 44 25 24 100 51 43 65 71 85 53 52 82 46 59 75 91 32 59 40 85 81 33 86 33 40 74 98 40 98 37 16 89
10 97 77 64 51 25 82 18 96 92 70 20 37 12 37 48 21 60 39 30 55 21 44 76 23 33 96 97 10 16 54 55 97 34 65 49 17 28 17 17 56 76 24 81 49 30 76 94 69 61 52 91 84 52 70 45 43 18 15 52 70 74 14 73 59 88 30 94 78 51 45 77 57 73 76 80 53 11 90 93 46 41 78 27 93 55 77 42 39 65 46 30 72 39 39 58 44 63 93 96
27 62 74 76 33 96 47 65 64 63 67 20 95 67 56 89 74 30 44 72 82 67 58 64 68 50 63 80 33 33 66 75 31 68 26 84 19 22 29 27 39 86 63 50 34 79 40 28 98 23 57 14 58 37 75 62 60 50 98 69 27 11 69 15 68 85 55 47 58 31 81 42 52 24 34 42 45 12 75 41 66 79 72 99 26 51 89 24 35 82 14 92 71 34 41 20 31 55 98 82
99 58 33 56 92 68 48 15 24 41 67 19 66 13 18 56 62 79 58 98 23 35 53 84 94 88 78 92 91 56 13 64 87 78 36 51 61 75 48 74 12 17 51 73 42 59 52 20 82 71 15 49 58 58 92 70 64 83 70 100 74 42 59 64 86 72 63 78 100 92 94 11 23 92 41 26 82 88 94 43 48 87 15 20 56 46 69 30 61 98 17 65 33 82 38 19 84 80 86 51
48 57 51 99 97 76 47 90 24 54 98 46 14 70 71 77 68 16 70 59 33 54 57 12 65 48 39 41 91 30 96 79 45 62 36 50 92 40 90 50 46 40 20 88 78 69 87 18 61 49 48 42 25 100 15 79 66 40 31 14 78 19 84 79 99 68 37 47 41 76 16 68 51 10 10 55 53 34 68 62 72 28 93 90 40 80 62 78 96 100 10 17 45 52 48 97 70 69 82 96
45 47 27 39 28 26 15 57 53 79 23 28 38 62 69 47 68 74 98 56 78 31 62 79 62 74 64 78 13 14 60 12 21 58 38 26 52 43 57 94 93 17 34 86 16 25 26 48 98 56 15 53 31 63 72 99 92 37 38 18 27 11 18 98 43 79 73 67 55 59 36 29 79 30 91 28 80 56 52 27 38 66 20 55 22 18 78 10 80 88 98 39 58 72 72 72 18 80 44 76
58 59 81 97 56 17 25 44 75 83 29 25 55 52 90 23 96 30 43 24 27 10 40 31 12 40 96 73 14 55 17 60 13 73 74 29 86 80 33 44 37 52 31 14 12 35 28 16 54 53 98 96 46 44 80 11 61 13 53 62 71 36 46 80 16 27 34 81 96 43 52 85 79 49 23 71 81 58 92 67 83 76 79 64 24 84 29 32 27 55 70 65 15 22 51 37 63 35 75 68
69 83 42 12 43 82 18 40 100 67 45 68 74 66 66 34 78 49 14 78 72 90 79 65 54 50 27 48 99 89 18 83 72 41 87 21 87 34 33 13 34 24 12 98 34 32 81 19 43 60 100 33 64 89 30 53 45 56 46 34 91 97 11 100 63 59 43 32 32 21 28 92 93 63 75 12 48 65 37 75 91 76 100 21 58 40 21 47 58 17 97 50 88 18 93 23 26 81 36 92
54 78 21 53 95 23 61 44 71 81 17 69 70 11 32 47 81 78 75 93 28 49 22 16 54 11 66 70 52 30 64 92 44 42 69 12 33 29 60 89 54 51 65 100 10 80 15 97 41 60 87 29 89 85 37 92 94 68 16 51 74 63 60 72 50 36 13 30 15 85 27 65 72 45 86 77 38 34 30 87 67 89 92 29 98 23 46 92 23 87 95 88 44 24 95 70 37 13 15 76
95 38 69 97 15 42 87 77 66 50 84 72 44 93 87 33 46 38 73 67 30 38 26 89 32 22 42 69 78 91 81 25 85 43 30 19 40 64 62 62 39 74 52 71 90 98 97 25 70 56 18 31 80 89 31 15 99 71 34 49 40 74 35 31 27 24 22 52 13 48 62 58 21 52 44 24 62 13 47 74 49 82 94 17 56 20 86 69 22 43 33 91 37 29 48 41 69 61 86 30
47 48 72 59 80 74 51 59 42 76 27 76 27 94 38 67 75 13 45 91 80 88 21 29 92 24 92 82 85 29 92 75 81 38 70 55 24 35 76 73 83 34 13 61 17 64 87 100 69 65 56 20 66 82 68 52 22 36 55 94 96 90 65 80 93 50 20 63 24 84 87 85 68 38 11 50 50 28 58 49 80 91 55 86 77 60 94 27 34 73 84 14 71 93 86 82 36 22 72 71
