200 10
57 63 23 62 12 12 28 71 31 18 81 56 49 53 35 54 55 46 33 74 99 96 46 50 99 81 71 73 29 39 12 88 10 80 38 48 20 15 16 24 59 10 44 42 16 18 18 78 100 21 44 30 97 37 93 66 36 90 33 52 64 54 92 68 13 30 49 40 19 34 65 13 65 94 48 10 85 18 46 52 11 65 41 52 65 86 22 41 69 20 38 21 11 80 89 100 71 29 10 97 88 92 71 12 14 10 72 19 91 100 51 37 33 44 58 60 68 85 65 67 80 26 33 38 69 80 31 11 83 94 42 24 84 38 80 54 30 74 95 52 64 77 67 14 34 40 84 76 29 79 31 32 100 21 41 37 96 76 30 83 84 91 57 76 62 34 82 12 70 72 100 40 40 23 61 24 23 40 85 94 94 82 61 29 90 92 59 38 53 65 95 44 48 69 91 55 89 69 70 30
72 95 47 98 42 56 24 22 47 99 99 74 10 26 28 55 87 98 40 38 72 50 72 25 44 93 25 76 21 56 55 16 53 37 41 93 21 86 40 90 38 40 45 61 33 19 42 82 20 38 14 20 75 51 40 94 92 80 22 28 49 21 23 93 39 82 84 66 20 54 31 33 35 22 35 62 32 90 92 23 62 91 56 34 27 80 16 39 56 17 36 35 45 92 45 79 53 52 97 92 57 51 79 58 29 18 75 94 11 49 66 75 95 38 94 86 94 22 69 27 38 25 70 53 87 94 17 32 60 96 77 72 28 18 70 89 24 33 78 97 46 56 47 43 40 28 89 37 59 88 35 71 81 95 55 29 45 31 100 54 93 75 91 94 72 96 63 24 82 13 65 96 82 69 96 51 36 71 30 99 69 39 68 53 61 16 16 66 24 60 56 47 21 24 78 40 63 81 74 25
60 48 33 80 10 31 82 92 85 75 80 61 87 98 23 74 16 23 77 80 78 18 72 10 59 55 65 58 49 83 99 54 59 62 14 63 57 50 76 35 99 79 54 95 29 48 80 13 80 11 60 73 17 57 15 63 14 86 36 12 41 57 25 20 42 55 47 79 46 37 10 29 41 98 57 15 27 54 31 77 57 69 42 91 37 12 35 97 80 33 89 72 93 49 45 98 28 57 71 14 64 89 23 47 14 100 28 52 44 57 90 84 97 97 62 62 46 94 40 79 30 32 50 49 24 63 50 76 39 54 43 39 55 27 54 54 15 83 35 53 40 40 32 48 100 40 60 58 14 19 98 15 86 26 83 86 79 45 27 23 20 69 80 49 76 41 38 41 15 85 36 27 50 58 100 18 83 85 14 45 66 70 29 35 23 10 35 34 70 46 38 24 37 13 54 50 23 65 64 22
21 91 57 85 67 25 73 43 55 39 51 93 27 83 25 12 32 12 21 97 79 27 98 27 69 25 51 72 84 15 74 45 29 50 73 24 44 26 53 62 87 66 50 46 84 65 60 37 64 29 46 78 54 97 12 57 51 89 70 76 100 76 85 52 34 63 48 94 96 30 72 59 74 48 33 34 84 79 88 77 79 69 49 62 20 32 94 95 96 44 20 37 60 27 70 51 19 67 83 64 93 86 63 78 40 33 64 66 23 98 92 91 87 80 83 86 25 10 47 94 22 27 99 87 18 63 12 56 47 90 49 89 64 71 42 10 23 83 74 53 91 88 38 10 71 79 15 65 31 73 91 39 12 37 92 19 41 80 23 96 90 12 42 60 29 43 93 35 87 91 49 85 35 47 41 28 71 100 42 26 18 18 90 100 71 72 16 54 63 87 44 39 51 100 100 53 36 15 79 79
65 26 77 85 85 91 20 69 28 20 71 29 44 62 18 74 83 70 24 39 40 24 80 91 26 99 46 37 27 13 97 24 72 100 75 37 22 47 20 87 88 58 58 62 10 13 57 49 19 71 38 18 86 87 29 74 57 12 75 80 60 71 34 99 33 53 34 51 26 30 11 28 72 95 10 95 72 71 40 96 80 83 87 68 40 15 96 66 19 42 31 68 45 21 75 83 79 54 78 87 42 13 95 21 68 15 42 91 97 51 56 94 98 71 63 69 49 50 16 83 97 51 31 84 22 76 37 87 62 67 43 99 86 22 45 20 59 42 40 81 70 41 70 28 54 15 58 37 10 53 35 13 57 48 73 88 66 60 16 55 12 16 24 37 31 46 18 42 54 93 80 40 88 47 26 69 99 72 48 17 61 17 97 10 81 25 59 36 97 10 19 48 33 25 46 57 64 35 67 88
81 27 93 67 94 85 53 82 80 72 35 10 97 91 44 86 91 42 61 81 29 60 90 22 56 38 72 40 39 36 31 54 29 44 52 80 56 95 91 53 11 20 82 59 23 54 48 12 27 72 91 100 43 39 58 40 97 33 36 42 93 70 45 27 91 88 16 74 57 44 11 12 38 18 21 10 16 67 32 21 12 42 62 57 39 72 46 16 75 69 22 29 13 65 67 50 65 48 72 46 36 55 82 30 92 56 38 72 69 96 64 19 59 84 14 70 20 41 32 13 63 68 11 94 42 59 20 45 81 99 29 95 80 82 24 44 20 21 48 41 38 82 39 51 25 48 46 67 35 94 26 24 45 36 34 55 19 35 14 82 31 60 94 74 51 89 84 40 58 91 87 22 36 59 33 37 47 97 42 22 73 52 12 63 97 98 44 54 43 68 50 54 49 69 83 39 28 75 29 99
57 40 11 90 76 38 21 25 88 58 30 67 18 56 35 13 25 50 64 83 78 42 41 15 25 64 30 72 27 94 14 98 28 29 47 45 17 76 50 86 73 66 28 10 50 13 56 14 80 53 100 32 15 28 18 61 54 61 16 32 53 87 77 92 81 26 92 41 84 77 40 54 24 61 58 92 24 91 89 41 60 40 56 37 66 10 64 74 38 87 87 31 34 20 38 70 84 34 78 96 49 79 29 89 76 15 18 91 40 64 72 36 54 42 41 87 28 58 63 45 74 58 70 33 87 51 89 100 98 15 48 60 23 63 24 92 14 77 47 15 71 10 14 94 95 41 16 27 15 56 18 64 38 33 96 59 10 40 56 46 90 14 42 41 44 35 15 56 76 13 100 72 48 14 62 96 81 84 33 28 38 65 95 35 85 56 49 53 91 54 17 72 85 25 51 58 93 15 13 37
46 67 70 50 30 25 17 79 57 18 14 51 97 38 27 73 71 97 76 23 100 12 54 18 23 56 62 60 48 70 51 21 86 63 51 94 71 34 18 18 95 50 45 89 51 30 96 78 41 18 29 17 99 80 82 86 53 47 21 46 79 26 31 86 67 55 35 76 48 45 22 29 98 54 59 20 49 38 22 16 96 87 10 100 56 62 19 64 63 44 55 52 59 58 34 64 48 78 39 84 35 75 18 71 99 45 42 79 16 64 74 42 11 12 48 32 68 84 44 18 23 38 56 41 20 27 72 26 23 38 44 18 64 57 71 40 78 70 78 97 69 88 68 36 85 97 83 28 83 89 100 92 78 56 44 60 97 79 14 77 42 78 97 20 31 52 87 77 19 77 45 83 70 75 11 74 97 56 15 90 83 46 35 29 43 91 87 41 97 50 60 41 26 30 41 78 95 82 54 29
29 69 70 43 100 65 43 36 21 82 65 68 45 20 91 30 81 20 87 56 43 86 57 15 46 83 55 66 67 61 91 46 28 87 23 70 89 77 39 91 10 83 93 36 39 13 84 82 82 68 69 69 62 87 100 84 53 49 81 67 48 23 52 56 31 57 55 30 85 23 78 89 87 39 17 18 57 45 55 21 14 56 84 40 47 21 95 33 46 88 23 56 100 11 39 83 54 84 45 45 11 18 85 12 24 52 97 82 92 56 17 97 66 63 39 79 89 42 82 30 65 100 16 79 10 24 64 32 82 84 53 45 96 68 79 78 72 17 74 12 72 96 48 21 60 87 16 22 28 98 79 79 68 24 23 53 33 56 88 43 57 66 10 52 73 61 41 17 24 39 54 50 13 24 24 48 29 86 12 47 32 99 36 60 82 49 88 96 35 52 68 78 59 44 10 14 76 53 26 87
100 36 65 42 52 53 31 20 30 64 83 53 49 31 43 84 39 21 88 76 78 42 24 17 17 69 96 65 46 22 27 80 39 69 77 57 50 53 92 57 46 55 13 51 59 44 85 72 100 30 36 93 12 24 61 40 60 66 63 77 37 64 100 12 75 79 85 68 61 34 72 95 52 41 42 73 10 43 14 30 94 54 10 76 70 47 22 48 91 30 35 58 39 71 50 68 39 87 43 84 38 20 85 30 14 81 88 18 64 48 98 17 97 31 62 65 43 17 33 36 81 80 10 79 71 49 55 15 31 37 93 24 48 12 73 63 43 19 59 18 86 14 33 59 70 95 54 89 24 75 59 72 29 51 24 47 12 20 37 62 55 94 31 49 11 68 65 29 42 94 38 93 61 67 85 35 83 41 27 78 30 87 34 67 50 71 73 85 98 26 16 87 35 12 75 99 47 10 68 33
