50 20
73 83 10 26 27 96 39 63 74 75 99 69 60 73 49 37 14 89 55 41 74 48 87 67 26 74 79 78 12 35 34 94 90 66 44 88 54 64 37 17 41 86 85 46 62 64 63 49 97 92
57 88 39 20 20 21 24 69 98 49 87 37 19 78 59 94 10 30 94 56 55 55 98 77 84 91 80 38 52 47 11 24 33 84 88 51 46 28 68 19 34 30 55 53 96 67 46 68 87 24
76 93 62 75 30 89 59 61 63 76 64 11 88 46 76 16 91 15 90 51 43 72 65 69 68 25 90 72 18 62 33 51 73 84 19 94 49 35 54 56 12 66 74 78 13 49 10 35 23 50
90 99 37 53 91 54 89 45 98 23 41 16 94 43 51 11 40 97 99 39 83 38 60 74 15 43 45 15 11 30 86 92 59 91 13 30 33 43 81 32 87 35 78 83 40 42 29 93 99 20
35 59 28 83 69 88 95 11 67 40 18 99 83 29 88 67 48 42 28 37 26 71 64 27 77 40 100 26 56 19 29 94 77 55 42 70 97 75 76 93 85 22 53 78 73 19 17 56 21 40
75 99 80 28 63 75 71 25 30 29 59 28 14 91 89 19 74 60 18 28 30 98 16 65 25 49 91 24 49 63 23 70 16 13 48 93 27 17 61 21 91 64 36 34 59 39 67 98 42 100
20 95 28 13 65 12 41 70 21 79 82 89 78 53 82 24 84 77 89 95 15 96 79 57 60 94 65 12 96 81 84 59 33 85 19 50 28 77 43 83 11 86 36 94 76 65 40 56 58 23
95 80 74 58 25 35 45 41 34 61 41 41 36 24 85 60 34 91 18 28 36 21 29 35 55 93 78 83 81 51 41 24 32 14 49 30 62 69 88 29 84 68 56 98 32 88 96 37 51 83
89 75 79 77 66 50 38 21 98 33 50 36 10 39 80 93 62 48 34 60 56 39 66 53 68 51 52 24 48 24 82 72 30 55 25 88 99 29 14 13 86 99 71 48 16 13 20 11 65 54
57 36 45 70 16 27 98 55 92 40 86 31 93 49 34 41 48 42 60 18 45 94 46 100 86 88 51 65 75 70 21 10 49 43 45 36 55 43 30 86 65 26 47 50 53 65 89 49 94 17
86 29 13 13 22 90 17 85 27 41 40 77 40 69 75 39 99 90 96 18 40 58 50 54 94 94 55 75 19 32 55 76 67 16 63 66 58 89 87 34 38 56 33 95 16 78 91 70 37 39
36 55 12 61 68 58 58 11 39 12 58 36 32 23 19 76 87 15 45 53 13 79 15 58 18 97 36 33 17 73 56 50 45 76 46 10 39 83 61 35 54 33 26 95 14 29 61 57 29 26
30 86 46 19 38 12 43 25 57 84 52 49 100 43 37 61 98 67 10 66 38 13 82 94 19 67 91 50 56 38 18 75 56 22 47 96 96 52 77 40 18 50 71 26 15 52 15 26 62 45
43 31 38 24 86 21 73 91 31 32 20 93 16 41 11 42 33 37 64 35 80 70 74 26 32 63 63 99 21 51 43 21 88 21 67 99 40 59 83 85 100 18 45 52 21 72 94 17 96 78
20 55 77 95 94 51 17 80 19 88 45 69 66 67 67 72 23 89 42 29 64 12 52 85 85 21 52 50 41 30 39 76 67 59 82 41 79 100 52 66 28 80 28 78 55 15 84 77 50 90
90 31 64 61 92 77 73 75 27 94 65 29 47 10 52 67 76 53 10 29 36 75 82 95 51 87 15 93 42 76 50 98 80 12 52 49 64 23 62 70 75 18 44 93 14 79 38 45 68 39
76 31 81 81 23 29 90 17 10 52 11 21 83 79 26 67 14 37 54 77 25 58 55 61 13 30 35 33 19 50 22 23 64 22 67 15 69 67 75 88 44 93 42 29 15 78 28 28 89 33
96 34 28 90 86 95 64 71 33 72 58 23 20 79 85 65 47 33 71 48 17 41 55 64 49 16 65 84 49 10 72 52 52 92 29 18 65 78 69 23 28 33 37 78 41 26 30 74 55 74
20 44 36 79 38 44 65 36 89 72 46 42 86 96 83 88 17 73 86 22 92 27 77 89 39 22 41 50 86 71 10 71 15 66 70 26 56 68 11 55 98 50 80 77 32 33 68 63 31 25
84 86 14 83 76 54 59 22 72 67 84 47 22 28 76 17 38 46 34 62 67 45 96 52 11 79 52 16 66 31 92 10 81 19 23 83 100 38 92 92 93 70 46 59 47 96 81 81 23 71
