30 10
27 63 27 98 12 17 27 38 44 75 62 98 81 32 27 39 70 94 40 45 43 15 72 54 49 28 22 92 26 20
23 87 74 57 19 75 30 43 33 80 67 12 62 43 19 46 73 18 25 66 99 46 92 11 16 94 51 100 58 92
14 47 54 90 31 57 78 88 89 26 61 20 45 74 18 62 71 13 54 45 54 51 19 56 45 16 37 70 53 38
96 40 92 22 95 67 93 92 49 88 12 38 43 81 20 39 38 25 96 56 82 65 33 23 86 76 78 24 60 95
68 66 97 87 86 49 80 11 66 35 51 98 63 56 47 46 92 34 54 38 15 100 20 87 40 28 16 53 22 14
73 29 71 65 54 31 26 19 97 97 84 78 18 66 83 100 62 23 23 14 39 53 12 87 63 68 79 53 28 85
89 68 63 65 88 78 47 69 15 24 38 83 54 75 45 76 40 60 95 80 78 22 90 43 62 27 70 47 35 91
56 76 33 49 57 30 83 37 81 85 73 25 83 62 65 26 45 40 60 40 11 14 66 89 39 32 11 37 33 95
91 48 50 75 50 60 37 77 29 46 54 60 60 88 37 67 98 10 57 39 60 10 80 11 32 78 83 23 62 16
86 98 18 75 96 16 78 13 20 65 20 15 44 18 72 10 31 13 89 49 67 53 44 20 84 26 80 39 42 91
