200 10
82 97 21 17 62 50 27 57 68 73 91 39 93 86 95 84 30 57 92 29 87 89 40 97 31 66 26 37 27 74 50 13 94 82 55 96 81 30 62 36 89 10 25 94 28 39 44 10 53 84 44 64 20 15 55 59 68 58 49 32 87 66 72 73 95 79 85 21 65 13 26 45 10 61 94 84 90 93 56 80 85 41 24 66 58 96 64 48 28 93 24 85 93 68 76 54 11 95 74 42 26 36 48 14 65 71 32 89 71 60 70 37 37 39 88 75 27 85 10 23 30 17 80 94 80 91 67 27 30 14 98 39 32 35 25 11 78 14 98 68 16 18 73 49 15 34 98 72 64 34 62 98 82 80 94 78 61 79 15 27 13 44 12 43 81 13 22 31 40 63 50 31 100 96 32 73 34 21 13 64 43 74 12 69 38 35 32 90 47 50 52 37 66 14 76 14 52 86 11 95
55 21 90 29 54 54 81 66 45 96 68 91 81 72 94 97 46 11 83 32 70 45 67 60 13 24 19 39 97 62 73 50 81 12 32 82 35 38 94 12 15 14 46 28 23 63 98 87 67 30 11 17 96 80 24 32 18 27 25 61 49 51 50 92 69 59 41 67 57 100 77 30 10 71 56 61 67 85 72 66 25 77 92 35 13 70 79 65 53 43 67 73 67 26 25 54 78 11 80 84 73 81 44 47 16 71 65 99 66 44 16 87 23 13 26 94 83 27 51 20 73 19 30 35 84 14 98 95 28 33 11 60 20 28 69 60 15 43 97 93 61 68 13 65 20 82 67 77 49 88 50 21 99 15 77 69 74 74 12 96 73 71 96 38 33 82 10 27 83 86 49 88 37 66 35 33 88 89 13 62 100 94 100 58 76 60 55 22 83 99 67 87 87 40 89 20 39 12 54 39
92 60 60 47 22 81 87 12 71 57 64 60 40 46 14 32 30 81 39 33 20 39 62 48 65 55 27 83 54 44 73 31 84 14 34 36 82 59 47 43 83 27 95 39 92 82 11 80 79 88 77 19 16 20 100 84 88 45 95 76 14 10 71 38 91 98 15 80 29 15 12 49 76 94 25 35 49 75 22 81 38 91 17 64 87 94 61 52 49 74 35 22 86 69 47 34 93 90 11 76 99 26 33 60 20 97 11 96 21 32 81 30 34 46 44 53 90 58 75 59 14 55 96 37 17 48 58 60 62 96 16 41 81 36 30 27 94 40 92 47 56 10 33 41 66 25 81 99 39 15 70 89 92 12 22 72 93 34 44 62 40 70 60 10 95 72 60 83 44 80 31 14 91 43 61 70 11 76 20 68 74 100 99 98 16 99 71 39 75 63 82 19 95 70 15 88 82 53 98 14
16 55 23 67 64 39 24 39 59 67 89 43 35 49 73 62 53 83 93 10 59 48 50 93 53 49 43 41 70 68 74 80 16 96 27 48 90 94 74 46 60 88 74 25 28 13 48 75 96 50 11 87 67 83 32 46 69 20 48 44 87 77 72 46 61 50 45 73 98 25 38 74 39 51 38 44 75 35 38 66 90 20 43 65 74 17 25 36 94 52 86 82 80 53 29 39 40 36 16 26 12 23 65 79 16 16 82 55 96 97 38 50 37 89 12 23 80 87 37 75 83 84 94 39 22 40 79 30 96 72 94 77 22 86 44 78 84 56 89 29 35 99 65 90 68 38 54 13 62 63 20 87 68 93 16 26 70 77 18 59 93 30 19 51 67 83 23 37 100 59 77 75 47 24 60 26 94 35 54 50 89 98 39 54 85 85 53 99 83 94 50 67 39 66 49 81 26 59 43 66
93 31 28 23 86 39 94 77 28 61 50 21 15 32 80 69 99 68 97 39 100 43 88 42 85 81 98 16 85 40 96 48 34 89 57 11 88 30 15 37 53 63 91 32 97 89 91 57 93 44 27 14 12 92 26 18 66 94 67 95 25 49 51 32 90 91 34 41 79 68 40 95 14 74 34 100 49 29 58 23 88 86 27 87 100 90 23 28 78 40 10 45 39 25 31 52 74 11 85 74 80 23 94 49 56 66 44 24 26 92 50 68 61 76 87 42 83 78 78 38 75 41 46 60 38 74 10 34 63 59 56 30 74 78 78 92 94 58 100 72 89 57 72 15 99 81 74 28 70 74 99 74 33 38 31 45 12 35 31 29 69 74 27 36 79 54 52 42 38 26 79 43 42 77 70 58 42 68 19 15 94 47 53 45 86 36 24 27 58 54 59 87 35 27 69 24 45 93 17 29
60 79 20 43 16 63 64 12 61 56 16 17 81 85 54 44 27 46 75 45 56 51 34 60 27 53 53 25 72 48 69 21 53 90 49 35 100 38 70 77 13 29 66 44 20 29 68 30 55 51 32 32 23 50 14 42 46 35 27 77 72 76 32 65 78 51 94 67 28 36 78 99 61 69 18 48 56 35 72 82 23 28 57 82 70 58 56 24 22 57 72 50 38 11 78 33 58 76 13 47 14 65 97 41 23 60 48 97 93 42 88 53 28 68 11 48 41 100 77 96 45 32 32 88 68 65 55 13 14 25 89 65 92 78 86 47 50 64 24 79 81 46 99 48 45 53 55 41 58 86 43 38 12 41 78 11 87 68 98 37 44 38 84 58 97 35 80 80 32 24 55 21 11 44 26 79 66 89 71 36 35 49 83 73 13 84 51 70 90 11 98 58 76 73 27 29 88 59 17 61
69 54 66 90 82 95 26 15 32 84 38 79 12 39 95 75 24 97 33 69 93 22 49 60 40 54 51 82 36 77 56 13 84 59 68 17 34 11 90 69 86 71 14 28 45 38 50 97 22 93 36 49 52 87 70 75 47 65 20 25 50 82 63 32 18 40 93 90 43 10 59 18 82 42 75 65 31 97 91 19 73 23 43 61 35 78 76 70 85 40 12 29 58 25 43 100 91 64 32 87 53 31 12 35 30 51 62 93 51 40 91 38 89 100 25 27 62 52 52 10 93 70 65 85 98 23 40 92 90 69 25 48 26 55 13 75 88 77 52 33 30 63 13 33 71 85 90 13 84 61 87 92 12 30 14 13 39 55 99 19 44 89 86 92 47 26 99 54 12 74 15 90 44 57 51 74 87 11 56 68 66 87 80 72 10 96 63 11 39 79 76 50 30 14 82 50 83 63 94 13
47 80 48 92 94 81 86 93 95 84 61 34 90 35 54 44 30 98 58 96 35 89 51 13 32 26 96 98 62 84 28 60 63 75 100 10 72 27 82 31 31 70 84 84 81 23 94 32 35 70 67 10 18 31 80 64 51 53 53 53 68 24 51 53 94 14 67 17 77 81 79 21 37 16 76 73 19 73 100 93 28 70 45 41 36 67 43 33 33 25 62 31 61 16 89 100 16 85 70 90 84 76 11 55 85 13 86 45 99 48 99 18 67 16 37 44 76 18 49 76 83 36 68 82 50 80 96 16 42 33 95 94 77 83 30 19 11 96 78 17 55 54 51 60 83 42 69 23 27 84 20 19 76 57 33 64 66 22 89 68 57 59 21 45 53 73 97 64 73 36 98 35 20 37 28 69 50 34 31 23 100 64 94 17 94 49 33 35 68 92 54 91 71 28 88 82 18 42 89 83
25 92 73 16 89 38 66 44 24 82 58 99 64 80 53 70 27 89 74 84 48 60 74 81 42 83 30 97 88 94 86 38 71 33 57 40 77 94 45 69 80 99 37 56 96 50 86 93 49 59 60 79 99 58 54 45 99 76 44 36 31 20 72 66 13 59 66 88 41 100 28 91 44 17 13 97 31 98 54 60 95 34 96 77 60 90 37 58 20 29 56 60 42 69 47 41 61 70 66 98 84 46 55 82 55 61 99 97 13 51 98 77 89 29 67 68 12 55 62 75 13 90 96 17 23 52 87 29 68 34 23 26 96 57 45 28 22 41 86 13 94 84 55 44 79 51 70 45 14 91 68 73 41 88 57 98 61 53 89 79 18 27 74 26 21 61 90 56 53 34 11 26 61 12 58 14 77 14 68 50 10 39 16 25 30 78 58 76 93 93 71 81 62 54 22 48 100 64 76 71
78 75 21 36 37 25 75 82 62 90 42 90 100 12 37 19 13 38 88 56 27 20 48 44 29 71 34 55 41 97 17 43 95 74 54 39 67 40 88 96 55 53 21 17 99 31 43 99 94 26 48 40 29 71 53 89 78 87 70 48 53 50 14 73 45 52 73 49 45 54 43 46 45 55 85 32 84 87 74 84 95 53 88 49 95 12 99 22 73 69 34 14 86 64 18 95 36 48 17 31 16 27 79 34 12 20 22 10 51 71 23 59 52 38 28 40 62 70 56 14 72 65 33 16 89 34 87 45 65 85 48 87 22 66 30 23 19 67 58 85 75 89 41 100 39 63 96 88 45 37 29 50 92 62 88 21 47 44 86 31 90 13 82 61 76 63 82 17 68 22 94 20 61 47 18 59 47 10 98 46 85 71 40 31 40 36 43 87 27 42 99 41 35 35 38 26 73 71 99 58
