30 20
14 24 78 75 99 82 40 93 34 44 12 85 48 58 84 20 90 21 71 55 72 19 65 82 64 93 80 69 58 48
78 64 70 100 69 31 25 15 53 62 94 30 18 24 53 82 88 33 20 94 71 95 95 90 74 21 65 38 17 66
21 50 55 15 52 56 85 87 39 81 21 98 87 43 53 74 66 50 28 10 10 63 88 78 64 96 28 18 19 21
62 10 90 50 11 53 85 49 90 84 47 45 57 40 48 15 73 26 22 98 21 24 31 56 98 81 76 54 55 37
70 98 24 52 66 73 56 73 54 21 98 38 36 57 48 58 18 21 98 80 66 86 99 17 48 71 79 84 78 30
87 41 84 41 81 43 42 57 84 47 99 99 75 49 30 82 79 75 45 64 86 83 50 83 54 34 34 56 51 89
19 38 29 29 14 48 99 57 32 85 87 35 69 62 87 48 83 67 24 49 25 91 19 11 46 74 73 46 96 28
56 58 64 22 40 30 75 69 31 24 84 95 31 14 85 60 44 49 75 21 65 81 32 95 65 31 36 84 50 36
77 40 51 71 62 44 59 15 10 63 22 49 91 45 70 55 56 54 66 37 67 11 11 34 22 37 50 49 19 52
19 54 94 89 32 75 48 93 86 76 14 52 57 89 37 69 20 42 11 85 39 63 44 16 55 51 30 32 33 57
35 60 53 60 81 82 93 44 96 41 23 57 23 29 76 59 51 13 40 46 40 75 54 66 88 95 78 61 75 13
19 49 21 45 75 44 77 84 39 44 22 40 22 83 10 22 24 83 75 58 77 28 72 67 56 49 70 29 85 26
42 21 92 19 18 28 70 17 36 66 55 37 71 99 44 65 51 55 31 89 52 87 47 83 63 81 31 31 97 51
74 55 94 74 36 39 65 78 91 53 36 56 93 40 31 87 81 43 72 82 22 97 24 44 76 69 23 13 86 19
99 89 13 10 83 39 24 86 73 38 19 22 20 63 100 11 45 92 27 84 11 36 68 70 50 84 18 49 35 70
85 96 43 95 46 13 50 21 100 48 40 93 18 64 44 45 42 48 57 67 93 60 64 88 56 55 95 27 23 33
18 66 84 60 28 10 77 62 44 68 14 26 46 22 83 88 16 56 81 35 81 93 47 67 10 100 51 36 30 88
84 76 83 17 83 20 82 26 58 31 87 38 96 59 69 77 69 100 58 68 66 33 94 50 98 67 36 39 11 28
45 12 74 42 73 15 73 96 71 92 93 69 35 47 75 46 51 56 88 21 30 21 84 55 27 80 63 60 26 39
87 68 10 73 55 41 33 72 66 37 16 43 63 22 58 83 73 76 86 76 37 85 74 87 99 32 16 83 32 51
