200 20
90 76 56 92 84 47 99 67 26 47 59 25 68 32 27 90 99 58 65 30 94 63 63 57 42 35 22 72 87 92 81 49 20 99 95 78 25 83 57 20 17 81 56 82 50 49 53 74 31 24 46 79 97 71 52 19 53 98 44 94 32 89 31 75 84 97 41 20 96 18 33 23 99 89 40 51 73 32 61 36 65 23 96 53 68 78 82 80 65 10 92 31 12 55 28 83 37 49 73 68 99 67 28 51 95 43 39 74 17 79 95 49 59 76 75 93 60 20 71 73 44 57 34 63 95 30 53 18 96 11 46 42 11 11 99 55 14 76 56 53 20 73 19 56 78 59 25 65 49 75 54 63 89 67 88 40 72 55 98 89 55 11 34 28 17 45 53 23 46 100 47 88 14 79 22 19 11 57 34 48 41 23 41 68 57 91 17 55 32 56 65 97 70 55 11 86 59 80 51 61
74 53 29 78 14 20 24 25 93 58 91 52 76 26 80 37 39 48 94 26 18 54 89 25 66 99 68 88 55 99 24 100 60 38 81 47 44 16 61 21 69 54 69 87 20 42 73 50 84 54 60 62 20 70 41 75 43 14 79 23 40 82 80 19 46 56 87 59 51 40 16 70 36 55 47 30 39 51 49 32 87 89 67 45 74 55 70 99 47 56 20 75 53 62 11 89 54 32 44 77 55 20 22 28 64 76 77 44 44 63 43 71 77 25 75 84 38 40 18 86 57 95 87 34 73 16 67 26 85 82 60 73 46 48 76 59 43 30 79 14 36 77 50 96 88 31 82 29 74 76 22 19 83 31 58 14 52 94 70 62 93 85 92 18 55 45 58 34 73 38 54 51 43 75 16 54 30 96 19 88 66 54 24 79 64 98 60 70 65 63 94 72 38 41 80 28 96 82 75 33
70 61 45 65 82 46 42 31 99 43 21 92 67 25 56 76 25 17 33 92 85 69 31 11 41 51 97 25 17 52 82 13 30 62 19 53 49 50 64 12 21 77 62 70 79 63 89 32 20 85 10 54 52 15 80 88 33 10 76 41 91 49 10 79 42 96 66 55 46 55 95 37 69 98 43 86 84 14 18 44 51 67 93 36 21 66 34 96 46 85 48 63 38 48 64 32 94 60 74 79 46 44 79 54 90 66 64 80 78 96 56 10 53 29 93 85 46 73 65 71 29 35 89 29 30 89 43 49 59 13 28 19 58 18 14 56 23 47 39 51 39 26 96 48 36 79 18 97 60 39 16 22 86 19 52 97 77 59 90 90 85 83 17 13 98 22 50 60 50 14 31 30 28 87 47 69 80 62 38 21 78 59 14 58 29 61 99 15 79 13 47 49 92 76 61 58 12 53 49 90
35 82 57 66 16 36 42 74 32 82 67 32 67 37 67 67 73 54 100 90 32 85 13 34 63 75 77 28 47 30 30 95 48 98 64 88 45 77 89 27 83 32 42 20 50 35 59 30 78 45 18 52 25 39 37 70 51 44 28 45 13 13 64 46 14 48 96 86 48 94 28 67 45 74 26 69 79 91 92 93 74 93 74 63 40 31 83 41 38 14 11 11 23 39 21 49 38 51 62 40 28 15 71 45 76 80 92 12 83 28 61 75 16 29 13 27 34 13 79 35 62 77 48 34 92 41 68 46 34 27 46 15 21 36 43 77 85 44 95 23 97 48 31 28 93 100 78 47 17 82 81 24 32 98 16 77 19 84 18 95 83 25 71 74 97 28 21 97 19 92 44 35 62 38 51 82 68 97 55 35 42 67 77 91 79 90 43 75 23 12 70 25 17 49 62 61 40 41 62 59
96 22 55 81 59 43 18 27 20 63 38 13 20 29 45 33 86 88 28 11 58 67 80 94 36 23 100 97 78 48 31 70 93 39 99 70 46 11 76 59 75 95 24 34 68 20 15 32 37 63 67 11 68 57 55 68 69 79 11 52 51 31 85 83 48 39 65 60 48 69 55 12 16 82 34 58 65 11 61 72 70 11 83 34 21 38 21 48 20 74 56 23 57 63 67 14 37 18 34 68 31 26 74 54 55 32 70 94 37 40 29 34 35 80 14 30 61 23 32 83 66 41 32 31 95 14 10 84 59 33 92 54 44 44 86 74 19 73 27 71 97 52 20 36 75 25 75 52 12 40 17 49 51 24 81 68 40 15 14 84 14 26 95 27 90 43 76 59 55 69 50 42 50 99 65 19 43 50 30 100 27 25 21 97 35 82 95 61 60 22 78 79 39 44 66 36 94 31 72 47
35 19 61 35 73 72 15 87 44 63 30 18 24 95 23 97 56 50 86 98 86 95 85 27 23 21 100 91 88 36 57 62 34 50 96 61 67 73 43 34 89 48 15 27 37 19 29 29 52 14 60 47 43 87 41 38 46 66 55 17 72 27 13 91 87 13 53 94 49 25 97 39 53 18 54 67 31 87 36 39 64 80 22 10 53 61 73 25 41 58 34 22 35 98 77 87 67 27 93 56 10 12 97 81 55 98 89 26 64 57 92 51 30 41 97 79 37 79 54 91 28 62 45 86 38 40 65 92 84 24 46 31 24 24 33 62 60 26 12 64 65 75 72 47 27 30 85 100 60 79 78 24 52 73 99 54 86 58 82 12 90 26 22 81 86 52 98 19 36 89 43 33 45 69 40 43 52 86 81 18 29 28 81 98 55 58 63 10 26 99 55 77 38 55 98 16 20 75 54 98
15 39 92 67 20 90 55 24 84 32 36 82 94 66 60 77 93 16 19 98 54 14 26 32 99 36 27 78 22 76 98 34 19 26 25 74 26 80 42 68 62 98 38 43 19 35 75 37 20 70 10 43 26 70 24 42 60 64 46 49 35 23 83 91 23 89 56 68 88 18 98 31 86 21 89 30 24 30 55 77 56 33 18 47 34 36 43 61 42 51 81 72 90 68 43 25 92 48 28 13 97 91 72 71 22 75 24 67 68 54 19 95 42 92 85 44 49 44 60 50 96 91 15 88 80 45 68 19 11 62 58 96 56 60 97 50 23 73 100 88 51 21 96 75 74 66 20 82 86 46 43 82 73 71 73 74 30 51 66 92 49 17 89 23 19 47 82 55 86 83 41 71 10 100 90 83 79 53 28 71 45 38 81 47 22 60 38 30 85 45 95 21 89 28 27 53 77 61 37 18
16 78 48 21 43 60 37 71 42 64 33 73 52 70 69 66 52 62 61 71 20 75 77 15 68 100 37 33 29 34 72 49 80 87 22 60 94 64 63 93 62 25 14 51 82 44 20 35 88 61 26 43 90 90 47 99 19 76 30 61 12 72 33 71 51 12 61 95 55 86 15 66 72 86 98 95 57 66 46 92 98 47 77 64 70 67 14 67 62 21 68 33 47 59 99 61 75 33 14 28 11 27 51 96 49 11 80 57 90 50 19 91 63 71 64 48 50 13 64 42 75 57 100 95 45 46 83 83 41 75 81 94 86 88 56 17 58 24 24 61 78 10 73 82 18 50 92 52 93 62 89 78 51 82 71 100 45 72 19 87 73 46 74 25 77 90 23 18 62 48 53 56 98 11 100 96 73 26 90 68 86 47 55 90 59 58 57 77 12 95 31 78 98 100 57 17 17 14 18 26
81 38 45 55 27 22 75 15 89 71 94 18 55 16 91 74 57 99 92 62 98 74 83 94 42 92 55 34 60 14 49 23 55 43 63 20 60 38 23 87 70 96 91 24 45 88 66 13 90 49 32 92 79 29 95 23 38 46 21 31 38 77 47 45 35 84 99 65 14 45 88 13 62 50 95 89 88 32 25 33 46 89 88 52 55 78 78 61 91 16 40 91 88 31 99 58 40 44 97 22 99 73 77 71 19 53 63 35 46 36 27 18 70 71 17 81 66 15 86 96 68 95 43 12 95 38 61 32 97 79 38 24 38 100 48 93 87 50 48 70 58 40 11 61 68 21 53 93 92 92 17 64 69 71 52 48 75 72 66 41 50 91 47 89 10 63 33 93 64 43 49 77 73 21 85 72 37 73 48 65 99 71 91 48 88 47 66 19 86 53 38 64 52 84 17 90 74 76 17 92
83 72 92 41 45 36 86 32 17 26 15 10 11 38 99 23 81 29 11 85 48 81 81 92 48 55 94 51 96 46 78 23 18 99 69 33 75 54 18 22 67 26 71 50 43 16 75 99 49 75 86 16 71 27 97 61 76 71 75 90 54 33 18 70 10 74 76 63 51 78 46 70 99 76 59 81 24 23 81 62 13 24 61 55 22 96 88 89 29 41 68 98 41 89 81 87 72 40 77 42 78 47 21 96 94 64 46 90 96 16 52 93 70 97 28 67 93 40 100 71 76 59 51 93 44 62 69 59 49 78 79 39 67 99 23 40 85 63 96 24 12 16 79 75 73 87 58 65 59 39 65 54 91 85 90 51 91 54 43 27 88 82 27 73 97 28 43 30 75 52 55 17 93 91 56 25 18 65 25 75 60 75 14 87 69 46 76 61 58 53 19 26 65 75 90 32 48 92 29 86
33 21 35 28 95 65 61 10 53 92 69 44 85 71 74 39 70 35 23 17 25 38 40 69 92 25 22 59 62 25 38 81 51 27 99 94 19 21 14 67 52 36 92 24 69 52 96 15 83 74 21 85 98 36 13 54 18 37 71 80 87 45 99 33 89 26 24 41 30 53 26 12 57 45 77 42 84 37 78 26 22 32 61 92 43 79 71 39 38 41 36 65 30 31 32 19 56 18 58 53 40 51 30 36 89 58 37 39 39 100 51 67 68 21 24 63 54 77 15 41 46 11 77 35 68 34 13 89 85 13 23 79 11 20 61 11 59 98 45 48 25 12 84 22 48 60 32 51 55 66 31 14 24 56 71 82 20 99 86 53 13 94 68 57 85 52 40 19 17 63 73 23 16 36 68 86 13 50 90 20 83 54 54 10 48 46 76 43 32 31 54 81 75 48 70 53 12 80 22 39
100 52 45 12 75 97 64 82 68 55 17 10 99 11 83 23 39 86 100 26 96 97 44 98 73 48 87 12 21 98 32 50 93 13 24 88 51 50 22 97 23 29 32 37 17 16 51 24 14 100 72 80 23 32 15 29 86 40 48 57 75 83 89 39 42 13 70 83 56 57 30 45 81 55 51 24 89 90 70 21 48 55 79 50 57 68 42 91 72 87 55 37 42 85 66 46 40 21 88 68 39 18 98 87 88 38 89 14 40 16 63 39 45 67 83 75 97 63 11 97 85 63 79 71 53 75 41 99 56 27 30 81 59 11 60 57 18 43 48 63 67 67 91 88 13 17 21 50 47 22 67 52 61 69 91 61 22 39 69 24 75 73 76 87 44 94 50 53 60 60 12 47 52 46 10 21 19 93 31 53 37 97 11 54 90 50 25 60 23 22 34 75 40 66 91 100 94 39 62 36
73 49 68 37 31 64 45 98 75 73 70 32 19 52 56 45 90 22 29 76 25 57 39 53 77 31 100 18 49 31 37 27 49 67 20 15 84 28 98 89 16 36 72 66 40 11 80 74 14 92 56 20 25 95 71 20 88 26 95 77 27 23 29 58 53 62 71 97 83 43 95 17 47 17 14 20 85 69 94 87 79 29 55 42 76 89 27 74 91 99 16 52 77 17 60 98 97 60 18 17 36 10 44 33 54 97 51 64 43 58 13 57 39 19 33 36 32 27 29 10 55 62 30 28 51 67 26 91 81 75 74 100 51 58 15 72 76 27 62 14 25 41 96 89 76 71 19 31 69 47 62 43 48 64 59 41 11 87 63 92 55 72 66 36 82 36 66 60 61 33 42 26 52 82 20 49 44 98 26 13 87 87 94 86 65 51 21 97 13 63 18 58 15 48 83 94 53 45 47 71
50 35 59 80 97 37 40 79 85 26 23 59 34 97 21 82 89 40 30 83 70 22 10 36 53 70 83 61 65 83 86 77 29 39 42 67 89 99 38 95 92 69 34 52 64 95 56 74 48 30 93 13 14 61 23 100 86 41 85 38 76 66 75 99 74 97 86 96 69 25 81 22 14 60 51 24 51 92 98 26 77 31 54 32 89 27 40 22 75 28 81 56 30 24 88 99 33 48 91 69 93 26 47 71 88 24 14 21 77 22 33 94 100 47 65 47 23 82 54 69 54 61 95 28 33 53 87 96 19 95 57 48 81 93 12 82 98 54 49 89 60 75 96 64 32 74 99 91 92 19 44 59 55 35 35 59 17 56 73 36 95 51 62 97 59 14 31 51 53 26 71 45 78 50 97 31 21 68 81 24 26 92 92 49 46 66 49 26 98 41 28 95 12 25 89 71 18 10 67 62
42 32 12 64 53 58 36 94 84 83 53 35 72 87 26 88 31 21 25 10 88 34 24 62 56 54 18 98 79 37 15 45 92 92 78 63 25 65 52 15 27 34 66 73 21 34 36 63 27 35 11 51 37 52 80 93 90 44 48 46 60 89 13 66 95 51 56 41 77 78 81 55 70 22 50 65 14 59 12 54 53 38 93 89 39 46 53 39 30 46 55 79 30 38 99 94 77 91 15 64 58 60 45 63 15 26 100 54 42 99 84 50 49 24 11 14 51 15 94 60 54 15 59 15 43 87 44 46 70 82 13 46 78 58 34 51 82 75 10 87 29 23 60 19 78 22 86 98 92 23 64 18 53 96 30 72 59 34 51 99 77 86 10 74 46 46 27 18 37 93 35 22 71 30 56 16 58 61 10 62 97 31 55 64 57 81 74 77 76 12 80 13 97 33 98 74 55 13 86 86
75 85 64 54 37 82 58 72 67 28 10 32 86 72 62 47 95 82 35 28 20 36 33 44 81 85 15 21 43 81 36 31 33 18 31 32 92 63 47 33 43 48 48 18 61 52 22 53 93 21 10 57 96 54 80 23 64 20 82 80 89 74 34 57 11 13 48 32 84 71 21 20 50 26 84 42 32 61 48 13 62 63 92 20 93 45 55 59 11 57 61 11 47 96 82 66 91 69 79 93 26 62 25 76 41 17 99 65 41 39 98 47 85 83 93 46 34 52 54 94 64 64 68 46 19 73 68 90 18 76 13 29 14 27 19 89 31 49 41 10 91 40 62 77 13 72 89 93 70 67 11 71 99 86 48 56 45 71 10 17 40 54 32 70 58 67 35 48 92 41 53 87 78 87 45 34 87 97 55 66 52 62 20 13 91 100 61 85 48 33 13 68 93 31 37 58 49 20 62 98
54 26 68 78 44 83 67 53 33 87 20 97 85 57 25 59 44 65 94 76 72 21 86 21 65 65 54 70 79 14 10 48 74 54 53 81 43 47 19 96 70 89 45 13 73 78 67 37 97 24 91 39 55 87 29 71 73 19 54 52 96 96 35 94 20 10 60 73 53 12 58 98 44 65 37 40 17 50 31 48 33 41 88 46 78 26 80 40 96 40 63 78 100 29 29 67 71 58 99 53 41 87 79 100 70 24 36 60 75 70 45 93 14 56 81 88 89 40 88 73 91 76 46 26 27 93 12 69 95 64 49 49 44 68 88 63 53 51 34 59 48 31 84 70 76 63 86 92 94 70 16 62 24 81 47 100 18 71 10 60 52 33 82 76 35 61 88 93 23 80 25 50 75 98 51 42 95 82 57 57 69 64 40 71 10 38 20 30 50 16 58 37 14 55 89 60 28 31 92 55
90 10 16 55 90 43 28 27 38 22 24 40 65 19 88 34 11 23 72 74 59 36 16 78 81 64 88 26 40 94 28 11 42 85 83 65 19 94 61 17 79 36 37 97 32 98 60 94 48 84 34 83 70 70 99 20 30 76 97 57 13 78 40 98 72 75 50 95 88 83 26 92 79 74 54 10 23 37 75 27 71 64 87 25 58 44 63 33 86 47 28 58 61 94 23 45 11 31 100 19 32 73 57 72 62 71 61 45 14 57 36 86 66 89 27 66 30 69 75 30 63 74 33 70 87 25 43 50 16 56 46 61 48 61 28 48 99 46 15 49 99 79 76 19 29 73 90 59 98 32 85 88 20 17 71 41 59 36 26 92 15 11 72 29 19 59 51 70 79 73 81 93 50 12 63 70 59 51 19 99 98 41 95 18 69 82 98 94 25 16 47 57 37 93 67 71 59 99 25 17
93 44 45 11 56 46 55 52 46 70 17 97 87 73 60 81 88 43 20 45 81 29 25 41 72 68 46 57 22 10 67 48 57 27 75 35 28 24 39 71 62 87 43 45 75 100 81 77 49 80 24 82 24 62 25 25 59 61 85 96 62 10 60 69 25 77 67 64 100 73 22 28 91 50 26 50 29 79 51 95 66 22 47 38 93 84 82 62 25 35 36 57 68 41 79 19 91 31 23 76 87 98 32 78 35 66 67 17 23 37 46 75 67 92 50 37 13 49 56 38 61 34 16 78 64 91 42 62 72 77 12 72 73 16 72 49 25 32 51 57 13 15 36 68 78 28 36 97 61 24 23 57 78 39 16 70 96 90 69 36 83 61 38 25 37 50 53 30 97 36 60 66 94 90 45 44 93 21 27 78 88 57 42 84 96 34 73 75 21 87 32 70 13 13 27 27 88 14 69 58
73 12 26 55 68 29 67 90 32 10 45 24 70 89 34 43 88 40 75 11 94 54 74 79 33 89 75 66 21 53 14 54 78 42 57 64 34 80 23 85 52 34 52 63 28 61 47 50 41 30 48 89 55 86 21 73 76 26 15 72 29 27 27 68 79 71 83 25 78 35 84 56 39 60 94 62 34 34 53 43 89 29 36 75 38 35 42 54 56 12 50 80 54 40 31 47 69 76 77 63 99 63 21 86 80 92 57 67 38 45 31 37 100 79 11 56 63 59 84 69 79 73 70 90 10 11 35 46 47 54 34 15 98 67 81 51 89 59 60 53 55 12 68 15 92 88 25 42 91 55 36 82 99 28 27 61 15 97 62 42 54 46 35 39 76 81 44 77 21 17 20 82 46 92 92 98 64 64 36 56 95 48 30 31 24 45 23 13 92 71 88 54 16 66 82 60 66 76 43 61
