100 10
63 74 64 92 15 77 58 34 19 41 48 69 84 51 92 71 58 62 73 37 79 60 45 31 66 49 17 82 16 14 53 55 70 73 17 63 68 33 60 100 42 72 80 96 36 32 61 19 19 46 50 82 69 13 26 84 66 43 55 59 40 45 30 52 85 10 34 92 24 90 69 96 84 22 93 19 56 12 40 65 20 30 30 42 41 22 39 72 38 92 40 56 59 19 42 22 61 12 29 98
94 51 63 23 16 61 28 29 48 33 51 99 16 29 72 88 67 56 56 61 88 12 47 44 47 95 52 77 34 47 86 78 64 66 18 11 17 43 78 39 22 100 29 95 76 61 95 69 74 99 82 25 54 38 12 49 63 57 39 35 63 40 87 62 92 79 95 86 57 60 67 65 95 57 29 79 92 30 83 81 91 65 55 85 18 39 28 87 59 28 92 60 80 50 70 93 30 56 53 77
68 72 84 62 60 70 30 67 80 44 14 12 63 26 67 71 24 66 17 37 87 13 33 66 57 30 60 77 100 32 61 82 28 64 11 14 19 62 12 72 20 18 24 47 12 97 77 45 94 14 29 21 80 46 72 12 80 68 54 14 85 30 45 70 35 12 37 46 16 12 80 45 93 15 88 35 30 54 68 83 65 16 54 68 65 75 55 70 58 60 12 66 49 12 28 34 40 95 56 84
22 11 83 59 73 33 98 21 32 15 37 71 83 27 61 48 49 82 67 93 26 48 68 86 53 12 65 48 100 40 51 67 31 39 59 87 48 65 47 17 35 16 24 65 24 51 41 50 80 18 93 61 37 34 16 86 38 34 30 71 69 70 94 89 80 80 15 94 45 56 47 67 14 77 78 94 11 53 70 42 87 19 85 17 32 88 93 47 62 100 25 11 11 88 82 47 55 20 29 21
11 39 93 26 74 42 73 14 83 47 80 25 17 83 26 10 76 45 92 36 23 71 19 44 56 25 99 27 83 64 62 45 10 93 31 55 66 84 48 66 47 95 72 23 34 100 51 24 48 45 23 12 51 33 82 38 95 58 69 65 98 32 72 90 98 22 91 59 54 70 23 64 22 85 71 33 67 32 34 78 13 70 95 80 26 95 47 24 16 95 96 63 54 48 46 87 58 93 12 32
22 32 51 93 77 48 77 51 60 33 42 10 25 25 73 33 30 83 76 23 74 57 79 97 37 29 32 97 75 27 10 70 78 12 77 68 86 62 82 86 62 36 100 14 99 79 16 64 34 18 94 68 29 88 74 85 33 12 38 50 52 52 51 92 86 60 86 52 43 25 67 34 97 79 56 12 66 36 27 23 96 51 42 79 57 85 25 60 65 62 10 47 58 61 12 98 11 97 100 65
82 16 20 33 63 87 32 17 71 34 81 63 20 41 43 10 17 99 21 53 50 38 36 69 88 50 24 95 42 43 46 32 21 25 49 42 16 99 39 60 49 56 99 92 23 85 20 100 11 70 63 44 65 86 90 64 56 91 81 87 66 18 31 28 96 92 86 99 13 79 100 44 77 86 94 11 14 44 18 68 19 64 70 84 31 18 94 58 86 15 50 71 45 69 56 15 50 24 17 88
83 35 12 88 99 77 94 42 78 27 86 67 18 95 40 38 10 44 42 64 27 72 78 67 84 47 94 15 72 38 69 91 52 96 91 56 10 45 59 45 90 68 27 47 73 73 26 77 81 44 39 92 66 51 84 17 23 58 58 39 35 32 28 28 88 49 60 59 83 54 12 74 28 49 89 44 37 35 55 74 93 81 26 77 52 12 19 28 76 80 61 39 38 53 17 51 67 77 76 28
54 81 42 87 93 96 45 55 31 61 33 35 16 37 41 69 56 24 87 20 64 28 99 85 65 59 51 25 68 69 62 44 36 58 41 59 83 93 99 88 71 36 81 52 28 38 89 13 80 31 27 88 93 88 88 67 52 48 11 18 18 95 52 73 42 64 74 63 81 33 65 31 69 98 33 100 18 16 25 45 23 91 78 85 10 57 33 43 80 72 30 50 63 71 76 36 88 67 14 17
55 57 66 92 25 35 62 59 99 38 30 65 19 46 31 10 27 76 78 40 63 36 72 72 92 14 47 43 35 58 27 58 98 69 57 33 62 81 34 54 66 83 90 67 82 34 10 75 70 35 34 78 84 81 95 23 27 96 26 87 45 34 53 49 20 95 20 18 41 24 17 75 37 15 58 49 38 63 44 97 69 92 21 16 56 70 42 59 47 77 43 34 61 56 61 11 69 39 58 68
