200 20
43 77 28 63 61 78 76 34 37 98 57 13 84 39 45 55 12 54 99 77 16 36 12 33 23 58 57 57 50 31 99 97 100 70 57 31 25 47 43 55 81 27 36 15 35 72 68 51 29 78 98 53 82 32 56 60 66 71 88 81 13 98 11 15 88 21 60 81 92 28 85 93 66 73 73 96 77 34 92 38 38 71 85 36 72 57 91 71 67 76 33 87 63 90 29 42 76 12 74 72 32 61 93 22 40 19 34 42 21 28 24 51 48 25 24 70 48 89 29 53 34 44 68 89 41 88 69 35 70 12 13 26 83 61 22 17 55 97 21 49 50 28 69 60 54 28 64 11 53 44 99 57 24 26 57 39 66 96 88 65 37 11 79 24 55 83 98 65 96 35 95 32 63 23 62 43 73 90 42 33 48 41 12 90 56 51 43 48 50 72 46 80 28 42 61 48 47 78 22 70
94 19 74 75 48 31 40 33 54 34 82 56 52 79 69 45 18 26 73 12 55 52 16 45 93 99 82 51 67 52 54 24 30 53 37 94 31 37 69 66 21 66 96 90 93 14 18 20 11 53 75 14 87 87 86 36 91 49 97 93 49 61 66 19 53 100 73 17 15 46 86 27 41 90 92 56 60 56 86 82 99 16 88 86 54 14 78 66 38 38 38 55 45 92 27 70 89 82 49 25 45 78 33 36 100 28 78 58 43 95 27 64 55 24 27 19 46 60 100 87 23 49 72 46 14 54 56 64 64 48 18 35 84 23 51 76 31 54 16 82 94 25 62 74 59 54 36 74 68 96 51 83 89 79 70 60 65 24 51 61 98 98 70 54 41 73 84 19 57 28 10 37 41 75 60 91 32 97 28 66 84 42 16 89 56 79 27 69 56 99 41 42 61 52 24 76 47 36 28 88
90 40 49 43 16 91 79 52 71 84 10 27 19 67 78 62 65 34 16 33 29 82 75 100 99 55 40 68 38 77 94 57 12 53 91 28 40 87 32 44 56 53 45 27 54 41 18 97 45 26 79 22 53 56 16 17 88 48 43 22 35 91 58 27 11 26 28 73 65 39 84 26 88 87 66 94 33 18 61 13 91 26 52 93 93 43 57 42 85 17 11 53 16 17 86 96 52 76 44 77 61 82 18 57 78 91 20 16 81 49 81 100 28 52 59 36 57 45 69 48 95 12 96 77 48 65 74 35 84 78 69 100 41 82 23 98 43 81 76 57 75 15 93 15 83 46 72 15 44 65 79 49 20 17 26 28 14 52 15 69 79 85 69 14 18 91 92 51 93 22 97 47 85 36 21 65 36 34 90 80 96 66 31 68 49 55 52 55 89 39 11 40 38 57 52 78 83 72 58 39
50 87 54 77 13 84 75 14 72 35 90 86 53 70 84 81 15 30 72 10 38 75 44 21 47 33 28 78 44 12 24 68 65 78 80 95 22 98 39 81 41 37 60 28 94 73 55 74 13 38 12 84 20 66 72 48 85 47 74 94 41 39 29 21 11 47 82 24 23 50 48 10 79 56 95 72 86 28 97 71 67 79 37 68 93 100 47 38 14 36 56 38 74 22 33 29 87 19 73 76 60 33 47 61 100 68 98 14 17 85 44 35 56 10 86 18 86 30 60 86 98 79 65 71 59 59 11 50 93 57 36 11 66 22 12 95 66 35 52 39 49 34 15 67 42 56 95 37 83 100 68 85 88 13 27 92 40 57 24 17 100 50 35 98 21 66 74 77 47 42 86 46 38 46 11 85 74 23 92 92 75 52 34 80 99 32 19 71 64 44 12 59 28 45 42 78 91 80 24 96
54 54 80 56 67 67 11 48 43 66 76 81 64 78 11 89 82 92 78 92 60 76 28 65 16 90 55 41 69 15 28 80 61 60 65 58 77 28 61 60 16 97 97 49 46 71 12 97 55 17 88 22 91 58 66 91 42 36 51 33 25 42 18 44 36 83 19 84 44 71 60 12 10 10 41 77 62 30 23 19 85 29 75 78 71 46 32 79 21 62 71 81 21 66 14 84 99 18 96 53 59 53 91 45 87 15 67 74 23 62 58 72 46 30 18 16 28 18 99 96 35 16 87 75 74 97 33 42 100 84 41 53 80 35 11 25 57 20 99 28 53 14 43 83 85 88 79 78 45 20 84 92 48 36 26 34 15 74 10 49 91 41 52 29 84 20 84 71 59 56 38 64 23 34 97 64 54 88 31 12 84 43 88 51 56 89 35 94 62 24 49 42 98 93 45 73 63 90 40 78
47 48 78 51 58 82 58 54 97 74 98 71 81 72 49 82 66 31 59 19 81 20 76 80 57 47 16 62 85 26 83 63 37 30 64 33 40 35 11 15 78 33 21 85 14 90 46 62 38 39 58 85 34 64 93 19 15 50 41 76 77 66 59 74 24 29 36 28 52 86 76 86 54 70 69 81 78 92 19 66 92 56 51 12 18 33 50 23 19 12 58 44 52 74 68 95 67 48 66 80 45 85 100 24 11 74 57 24 19 93 49 17 70 14 97 95 90 83 67 18 77 80 65 29 84 42 59 17 62 64 69 53 46 56 19 41 67 17 62 69 24 75 87 10 25 62 71 95 57 59 20 79 80 88 98 45 57 71 32 38 34 84 99 27 58 42 57 76 94 31 86 66 72 88 47 91 70 21 57 42 94 66 95 19 86 29 58 28 95 35 87 22 88 74 54 28 76 51 29 100
18 31 52 53 18 67 96 76 39 80 25 84 17 15 19 87 81 68 68 61 52 97 47 81 36 41 31 39 88 49 51 45 50 19 98 88 89 21 65 42 43 25 37 36 99 40 34 93 33 30 58 51 20 19 94 50 97 28 23 43 57 42 18 49 15 22 13 42 76 11 19 90 41 20 17 65 68 64 89 37 87 73 26 36 54 87 36 33 59 11 88 38 98 100 85 60 77 23 80 81 77 56 67 37 15 62 64 26 88 44 30 42 43 83 41 71 92 90 73 55 97 14 52 21 56 64 22 80 91 15 41 27 32 40 73 71 22 52 66 23 65 48 18 56 53 97 85 80 21 92 53 17 89 97 86 23 36 81 68 15 99 14 68 80 98 50 29 77 78 40 16 26 62 16 40 13 38 95 72 41 94 44 38 35 35 75 18 50 57 30 48 33 40 13 78 25 58 21 72 37
56 29 24 65 95 17 80 76 56 60 83 92 87 28 38 87 17 21 38 43 33 23 47 80 14 61 59 98 40 11 80 75 79 50 24 48 30 34 10 55 25 29 14 78 47 36 18 55 27 84 50 42 93 41 98 56 22 25 93 57 94 57 27 41 98 73 46 12 31 88 13 30 33 83 52 48 43 42 31 11 89 58 24 85 43 11 53 23 66 24 10 47 95 12 60 39 59 84 27 81 95 87 36 74 40 16 28 65 99 50 46 12 25 92 72 79 30 22 24 97 33 25 65 21 50 65 16 71 92 13 69 53 71 41 73 99 84 57 89 42 61 68 64 71 43 24 76 29 89 39 38 27 81 35 31 50 79 55 85 38 28 14 73 43 20 100 50 52 56 38 68 84 28 27 82 72 17 35 64 28 81 74 54 94 23 47 29 87 44 74 87 23 74 90 90 45 81 26 75 20
100 21 98 33 78 65 61 53 67 21 87 88 29 40 93 30 15 77 33 11 77 80 42 91 62 98 63 67 32 86 90 38 48 51 86 23 29 40 69 96 37 15 23 85 45 61 22 16 19 22 75 26 21 30 98 82 48 78 53 72 99 88 66 11 65 54 91 63 79 61 17 55 17 18 82 62 73 23 64 14 88 67 43 62 32 51 30 91 45 93 43 93 64 78 84 93 19 37 59 19 10 94 87 19 89 21 15 92 72 10 21 75 31 14 64 60 40 49 45 89 99 74 53 26 10 38 39 60 30 76 64 89 61 72 73 56 25 52 73 18 13 45 80 24 99 31 26 43 65 40 31 81 18 73 62 72 63 19 80 42 48 36 82 38 97 23 79 40 11 71 50 62 14 48 98 85 33 44 89 16 27 58 87 64 13 25 77 11 14 63 71 87 96 15 61 73 100 90 30 99
91 13 31 58 34 59 78 59 96 89 11 95 96 49 79 48 94 29 98 15 96 34 46 45 33 76 65 17 50 74 62 13 92 61 63 100 33 33 93 17 94 17 54 44 40 84 18 36 58 61 64 97 68 12 74 70 68 81 43 20 87 42 23 34 79 10 54 90 61 33 63 71 66 83 20 30 79 89 18 41 22 16 13 37 88 23 99 88 45 90 94 11 38 61 70 37 35 13 99 66 100 22 96 47 94 33 16 99 39 53 68 10 91 76 69 25 37 97 31 52 40 19 14 96 95 20 66 89 97 89 71 54 46 84 62 90 66 89 33 17 41 43 90 54 52 50 50 28 83 61 43 53 48 82 39 54 69 57 76 62 39 34 59 83 22 35 64 77 74 80 58 64 82 69 42 79 51 66 70 86 51 78 56 68 55 28 98 60 39 65 75 40 30 53 21 57 51 61 23 70
39 38 85 24 88 20 25 91 11 37 98 100 92 92 14 31 96 60 85 24 10 80 37 31 95 92 35 26 27 82 78 90 11 81 38 30 90 83 70 79 88 25 83 85 69 41 10 21 27 81 40 24 85 20 100 96 37 35 42 67 50 82 14 98 12 29 68 21 97 54 38 65 56 44 16 36 56 47 55 61 14 61 62 100 31 35 40 70 18 63 22 93 40 40 54 96 31 37 79 49 93 18 76 87 19 84 50 90 36 68 89 54 88 47 84 12 64 94 26 71 81 23 80 43 96 99 36 26 66 55 84 57 89 55 21 16 48 93 92 98 48 91 78 47 57 33 27 17 34 46 14 16 67 98 11 49 96 81 79 20 19 19 45 49 12 95 93 41 18 86 84 22 95 65 61 27 15 50 73 39 99 53 13 71 52 35 35 94 69 61 74 33 41 36 50 62 59 91 96 35
78 55 22 32 34 97 10 21 30 93 90 42 12 31 59 97 38 84 37 72 21 33 92 93 16 63 73 78 72 60 55 41 28 20 71 19 70 100 10 46 49 39 68 41 32 48 46 34 97 15 41 46 92 19 86 22 22 100 33 17 28 34 33 45 57 100 65 35 39 94 13 97 51 96 94 95 99 51 93 12 39 37 68 27 62 86 18 84 62 78 91 42 46 52 43 42 34 27 73 82 53 12 80 54 12 93 32 32 27 42 18 15 68 19 34 76 34 42 98 13 97 87 84 49 48 57 17 49 100 34 23 90 97 62 48 51 87 63 43 44 12 40 44 77 34 63 38 56 78 26 82 39 84 77 43 100 15 42 13 68 44 20 57 61 65 91 75 63 51 87 31 77 27 16 77 70 14 49 56 47 84 98 82 52 57 92 82 55 100 80 83 79 77 59 96 49 83 63 10 79
35 61 53 17 98 84 38 53 10 80 13 44 38 83 77 67 18 75 46 37 67 49 16 16 97 94 54 56 83 73 23 20 21 27 91 14 16 27 97 78 76 55 15 99 51 13 49 31 23 80 32 58 86 75 31 57 19 47 88 100 66 44 56 55 18 73 21 61 19 64 24 96 44 95 52 54 59 70 62 70 56 33 91 93 33 47 78 35 22 80 25 65 28 92 59 91 77 29 79 10 31 59 29 79 92 17 42 35 21 15 38 59 36 26 37 92 11 35 19 49 70 47 86 92 19 89 85 60 85 87 77 64 40 90 93 31 85 99 99 41 75 56 57 98 48 22 24 44 25 43 93 84 36 92 73 28 63 94 25 96 79 62 47 40 56 100 92 34 16 12 66 78 88 74 47 89 13 98 13 90 69 29 77 92 14 30 31 74 65 74 14 72 51 47 93 99 63 43 71 31
31 48 93 16 79 98 52 64 94 18 63 46 26 26 77 79 99 73 69 54 11 24 46 29 20 43 79 25 90 73 73 97 58 32 94 62 20 75 17 16 80 62 35 41 58 76 51 50 76 25 23 78 79 31 34 18 61 76 98 35 64 15 75 27 75 82 32 45 37 47 48 59 30 61 81 84 28 21 70 57 45 23 70 56 44 82 29 53 62 85 72 82 32 76 94 49 56 55 86 88 93 51 67 58 86 33 76 68 46 31 68 73 25 10 75 71 29 78 93 20 78 58 86 12 27 80 73 20 57 81 95 15 32 60 21 87 87 62 31 28 26 25 78 89 79 38 69 83 97 47 97 17 83 45 68 37 27 66 73 15 32 32 33 78 21 72 35 90 10 66 100 38 96 67 62 64 100 69 67 80 50 79 95 13 51 54 24 89 56 50 80 29 42 54 88 99 20 56 37 69
80 90 57 26 75 11 97 12 15 51 19 97 67 97 17 40 77 84 49 58 41 42 32 93 99 40 24 89 49 51 64 81 55 52 51 12 20 87 26 38 99 72 11 36 19 78 97 24 30 51 74 13 17 69 97 52 41 45 100 47 48 79 35 50 46 93 69 98 69 98 47 46 56 84 71 52 37 72 44 96 27 63 84 78 47 82 79 43 19 28 41 83 99 78 41 26 59 87 35 42 17 57 41 48 86 24 32 26 38 77 83 34 48 52 85 94 28 39 12 14 42 53 31 57 14 72 81 78 47 53 32 79 42 18 20 23 74 75 71 76 89 82 68 55 70 41 88 33 36 32 32 14 96 20 15 35 97 46 22 39 72 23 18 58 40 36 22 33 100 79 83 32 16 66 78 70 46 82 48 62 88 75 76 61 16 41 44 77 65 89 61 87 26 85 14 96 58 39 71 58
51 73 62 72 44 30 31 78 83 92 42 16 38 93 91 22 28 80 59 32 50 80 64 74 38 44 11 81 22 88 48 10 34 69 86 69 69 91 65 33 31 74 12 13 92 14 94 56 72 84 12 11 99 45 67 60 37 36 96 68 47 100 27 11 10 36 44 10 39 73 17 58 53 56 74 79 54 78 76 90 85 82 49 23 91 15 99 50 30 90 91 53 56 11 40 76 10 90 70 75 20 22 33 82 64 81 44 31 44 55 14 30 73 46 32 71 71 37 72 74 16 27 61 65 40 10 12 76 13 81 81 83 35 88 81 55 14 37 36 97 85 26 36 82 17 91 59 53 88 30 81 73 92 91 23 67 31 43 74 13 30 65 25 91 55 88 66 81 27 96 73 44 81 49 31 17 91 11 25 100 21 48 53 28 94 80 91 55 25 99 93 95 59 58 84 41 49 79 84 60
82 92 41 21 19 21 92 30 85 10 34 30 81 63 13 59 31 23 53 25 44 81 69 30 98 91 29 20 52 11 32 40 34 75 44 60 20 75 95 75 91 92 26 69 67 91 39 80 18 56 43 89 39 98 91 71 11 22 73 57 27 59 43 52 39 45 51 86 26 37 11 71 11 26 73 69 63 55 88 79 10 58 99 80 50 31 42 18 68 92 19 65 92 86 90 83 51 40 62 71 50 60 44 16 99 85 75 16 64 13 92 58 84 90 68 58 47 68 78 22 56 55 56 15 22 21 69 38 99 92 94 93 56 69 67 32 85 55 74 33 92 12 93 23 26 75 78 97 78 20 32 38 37 92 17 48 67 42 97 33 43 95 88 72 63 80 94 46 58 64 19 17 69 24 97 35 65 11 50 41 68 17 88 36 24 90 42 47 78 93 70 25 88 63 63 16 41 70 76 19
63 80 100 88 31 55 15 96 52 46 26 51 46 31 44 41 47 35 12 55 90 76 89 92 81 87 89 50 96 22 56 93 79 87 86 97 100 15 87 52 43 74 33 67 35 86 43 52 70 13 29 79 60 36 56 13 51 80 11 80 49 63 75 58 49 95 89 65 77 32 50 93 41 15 92 92 83 23 98 73 91 90 93 62 70 65 16 52 62 45 46 59 39 20 20 60 68 37 24 98 42 85 20 37 84 28 45 14 19 60 57 31 87 65 98 13 50 47 28 93 96 91 93 38 72 27 45 98 93 74 25 26 69 88 17 82 23 77 32 36 38 55 100 100 86 96 67 53 44 54 10 11 54 91 82 17 32 80 31 43 25 94 28 16 72 79 69 51 98 43 13 89 42 85 12 54 94 84 61 64 85 67 62 63 51 85 94 51 79 81 43 35 23 32 81 93 85 15 65 69
17 17 95 70 95 99 11 36 87 97 21 75 76 67 98 55 80 24 23 61 72 30 11 12 71 33 49 79 48 98 81 85 28 49 72 79 56 22 84 74 27 57 76 81 47 90 23 80 41 27 97 28 10 52 94 68 80 70 94 50 92 18 17 37 25 57 97 68 89 67 35 60 72 26 71 81 54 28 25 36 10 94 68 25 21 21 62 68 32 93 64 19 94 91 97 17 27 77 84 29 75 66 15 39 28 25 75 91 78 62 55 52 71 37 38 84 26 16 53 25 56 22 61 54 63 55 50 20 76 37 76 68 84 52 76 51 96 10 82 91 46 92 92 22 60 54 48 82 76 38 70 62 66 60 77 76 92 46 25 95 88 17 70 55 97 21 55 94 72 50 84 57 12 62 20 13 99 41 98 65 10 88 21 93 53 46 90 46 13 16 38 26 59 76 42 15 93 18 49 75
98 62 77 78 17 57 91 67 16 44 85 49 45 47 42 57 52 47 62 60 66 88 14 19 80 18 31 92 11 62 38 74 66 79 10 96 74 59 15 61 35 98 91 15 93 39 32 46 58 34 70 15 94 33 29 53 55 89 95 25 30 90 87 96 35 11 58 60 28 15 40 76 97 43 45 63 86 36 53 64 34 33 81 67 25 66 29 44 64 95 92 23 60 98 50 40 16 64 17 36 11 86 87 96 26 39 45 96 92 80 58 82 96 44 89 67 58 50 96 97 11 63 52 80 50 57 18 92 52 88 78 63 64 87 42 35 26 80 63 74 74 96 48 92 49 85 60 69 12 26 21 39 85 93 28 65 35 30 61 26 19 48 47 68 64 39 79 92 87 60 73 100 20 17 13 99 52 14 64 31 100 94 99 57 28 28 21 15 65 18 98 47 34 18 30 73 85 74 87 39
