50 20
69 96 40 25 40 83 42 56 52 68 16 83 54 84 48 67 80 11 25 84 14 27 85 17 86 71 20 18 71 59 42 12 29 85 10 73 65 89 51 13 14 88 77 17 47 21 24 58 58 56
32 76 71 51 29 17 70 32 34 25 100 66 36 21 56 39 74 52 36 12 25 79 29 48 40 70 54 67 78 34 95 41 67 13 31 80 77 47 68 71 51 48 28 78 63 13 45 69 14 96
29 43 60 34 46 90 49 86 85 32 27 62 34 31 61 96 10 98 73 94 43 11 30 71 54 52 37 43 14 67 82 58 87 28 60 46 76 17 32 22 65 40 58 90 55 19 33 22 61 65
32 30 38 72 99 11 19 100 46 23 38 87 23 54 48 46 17 96 56 73 14 71 10 61 85 47 38 76 70 25 57 64 32 55 93 22 13 25 25 76 55 88 89 76 18 16 50 14 55 77
62 28 75 19 96 54 53 27 81 29 61 71 22 36 78 65 61 29 89 17 94 72 52 47 25 70 27 72 24 52 48 49 44 70 97 77 61 30 75 70 54 88 97 53 17 32 34 85 88 10
29 48 78 63 100 97 65 12 89 49 29 16 74 21 74 81 99 44 78 18 13 53 61 23 45 55 51 53 10 23 86 24 97 16 73 82 72 48 81 27 21 44 97 47 81 56 72 82 27 98
22 12 36 66 87 46 25 83 56 39 87 41 54 10 17 32 36 72 41 92 14 19 40 23 71 92 25 26 32 38 15 27 67 16 13 81 74 93 49 83 45 19 81 39 63 29 95 44 20 91
100 91 60 97 67 17 99 20 87 86 89 51 26 51 73 64 17 89 28 15 39 31 86 77 22 70 70 48 11 49 84 66 98 74 79 77 73 41 43 86 35 20 20 89 25 66 32 17 100 38
100 72 34 68 97 56 42 99 76 83 34 91 72 16 12 56 30 28 44 85 33 67 88 39 69 45 88 94 58 28 91 92 21 88 20 12 11 72 96 68 36 87 78 25 88 25 10 21 79 43
88 52 67 12 71 98 24 92 11 71 31 28 19 97 25 27 61 56 12 84 88 27 93 22 29 60 59 79 23 51 21 39 95 52 68 48 47 28 70 92 77 69 79 64 32 37 29 38 82 77
83 30 15 66 97 20 59 47 12 47 16 21 73 57 54 62 64 90 29 74 92 82 25 59 46 84 72 48 93 43 85 26 96 35 45 76 40 42 67 100 67 70 41 83 11 25 77 71 93 93
13 57 85 47 33 14 69 62 42 56 11 82 18 81 49 49 35 100 46 41 73 12 11 77 14 69 14 95 76 31 62 16 54 22 24 67 30 22 37 24 10 64 53 31 32 24 10 51 81 28
65 16 38 28 32 31 16 99 57 67 20 65 51 71 46 69 23 83 16 93 43 99 97 78 14 24 91 54 89 72 64 75 77 70 54 81 85 83 59 56 19 50 67 67 73 39 19 67 19 60
21 87 51 68 37 92 59 88 49 14 23 86 14 75 31 91 58 31 58 48 53 14 41 80 52 52 43 98 57 25 85 72 15 77 37 55 43 27 86 41 57 51 70 64 93 29 54 74 65 67
23 55 69 58 55 20 15 81 40 46 26 75 17 53 27 70 88 90 44 83 33 66 19 30 82 36 95 46 88 19 82 65 85 47 81 74 51 50 58 46 46 37 70 60 64 30 86 58 23 36
84 37 10 81 23 56 62 42 80 48 75 26 27 39 13 100 41 98 68 27 45 74 90 12 57 49 32 37 14 74 13 84 44 56 73 26 59 99 52 63 82 34 92 88 91 42 13 18 100 78
64 17 100 29 99 70 25 95 27 12 84 43 13 12 23 69 27 88 33 95 32 25 98 34 72 39 46 35 47 27 71 40 96 43 84 67 12 73 17 80 62 10 70 41 69 47 62 88 97 33
86 12 83 86 53 65 48 93 69 98 17 58 62 39 82 74 61 21 86 77 51 62 71 21 25 13 62 16 51 20 12 100 13 29 86 49 99 60 42 94 96 20 91 69 23 54 25 92 25 74
16 14 53 10 39 32 85 100 31 65 67 88 19 57 94 35 95 84 28 35 86 96 81 24 95 69 84 46 14 68 14 60 26 68 73 75 27 67 88 96 69 23 62 16 19 84 73 28 77 58
34 29 15 99 47 79 44 77 81 27 44 100 14 77 79 64 38 90 91 78 11 96 62 34 42 73 87 42 58 20 91 99 38 95 25 38 75 81 86 16 11 39 82 65 17 55 22 76 87 23
