30 20
18 97 94 62 50 93 100 75 72 20 89 72 40 71 79 96 94 50 89 86 10 21 93 43 47 48 18 34 76 59
83 91 47 53 96 67 11 70 49 74 35 24 45 92 99 28 99 46 31 41 60 23 61 38 36 21 74 35 59 16
36 68 45 67 38 26 63 10 55 89 61 29 99 20 75 74 31 25 72 61 57 86 24 20 25 80 67 44 39 97
30 45 55 67 11 10 94 93 27 82 66 54 43 50 90 42 26 63 76 44 36 37 23 58 31 24 63 34 64 86
57 80 97 28 47 20 42 53 89 58 70 18 99 15 42 38 92 82 46 77 66 31 32 10 78 13 12 38 37 87
35 68 43 38 69 90 43 80 35 90 68 28 59 97 56 71 73 98 23 65 26 76 35 81 73 99 62 21 100 52
93 26 38 10 36 82 22 87 90 29 62 56 67 15 84 80 48 69 94 91 37 23 93 59 44 25 42 74 79 26
37 31 14 39 66 99 33 54 35 13 28 51 44 97 14 80 60 32 26 63 60 84 67 81 81 52 54 69 57 99
97 73 37 49 85 36 10 87 72 10 76 14 20 70 99 69 50 78 83 35 65 26 84 75 20 83 31 40 18 65
49 69 25 79 84 69 100 80 29 92 17 90 63 61 12 85 72 62 81 79 19 90 14 57 29 81 73 26 65 13
79 58 58 99 57 87 16 32 64 49 87 59 22 48 11 32 84 93 54 25 17 74 12 89 68 76 54 29 62 45
98 39 67 22 86 99 69 98 40 61 83 29 90 55 71 66 62 34 96 87 45 38 22 58 94 15 70 82 29 100
29 46 27 92 68 40 16 73 52 16 95 22 37 69 62 14 77 100 13 58 39 79 60 34 87 80 94 26 21 39
54 72 38 38 29 81 69 12 59 37 79 69 60 23 12 19 55 97 47 40 31 70 73 10 22 87 18 29 94 94
40 85 15 48 92 54 68 81 46 17 84 80 32 54 52 84 70 61 18 32 63 17 46 52 66 99 51 18 26 66
42 11 67 63 34 24 35 72 35 14 97 52 15 93 31 67 42 86 41 61 70 54 71 31 74 35 91 24 71 75
56 86 100 24 91 55 24 60 83 16 68 61 54 19 76 65 42 18 75 34 68 88 34 59 86 67 38 31 61 81
27 37 11 24 60 97 17 52 67 48 98 80 33 60 69 10 87 42 77 32 85 46 35 93 11 87 88 56 62 89
100 33 61 64 72 83 26 69 72 41 71 41 68 36 85 69 77 48 82 75 52 62 30 26 54 17 39 72 76 20
67 68 72 10 24 25 75 51 18 32 35 56 98 95 24 71 25 85 16 46 88 74 42 39 67 64 44 21 51 92
