30 10
87 11 99 34 100 82 95 50 52 57 89 30 47 42 13 73 45 34 12 44 21 27 80 10 88 31 20 76 16 98
73 44 41 81 35 11 66 49 34 59 19 67 14 66 73 72 74 61 66 72 21 96 92 90 97 89 69 67 59 60
73 58 21 95 80 93 15 38 67 63 46 58 59 23 19 53 42 57 11 66 74 20 77 37 44 89 17 36 25 26
80 30 71 14 85 57 62 87 76 21 79 27 82 13 34 81 70 71 46 49 35 95 14 13 75 80 42 26 18 65
82 76 63 36 83 94 84 56 20 100 88 75 65 75 49 73 19 96 64 42 16 48 76 57 54 72 37 62 15 13
68 48 14 86 39 81 59 16 83 60 11 71 100 71 100 23 47 72 87 20 67 49 77 92 36 53 41 20 100 82
71 24 42 22 64 78 61 39 10 25 52 25 32 94 95 45 37 39 11 62 18 51 61 46 19 49 95 25 76 98
94 96 93 37 70 55 87 46 37 78 82 22 35 32 70 100 77 27 65 83 36 39 93 38 64 73 28 48 74 15
23 70 40 62 99 79 64 81 10 95 58 11 93 91 79 56 89 43 61 83 48 20 49 74 28 39 76 63 63 97
77 53 96 26 96 49 79 49 34 24 11 25 61 14 23 93 80 88 55 89 66 89 63 70 31 44 11 51 38 86
