50 10
55 53 71 64 37 100 10 22 22 16 15 36 89 37 99 42 97 79 87 73 74 32 62 79 24 93 92 35 70 74 22 39 22 98 34 91 23 22 20 21 56 22 66 99 83 79 78 20 68 90
86 93 83 68 36 34 17 46 71 73 92 68 68 34 40 52 40 72 36 56 27 73 97 55 77 99 15 93 32 99 71 96 26 26 59 49 92 10 36 31 25 80 23 40 94 92 67 18 77 21
67 82 19 20 53 83 54 53 99 92 89 62 58 99 87 24 13 42 12 24 23 92 66 49 17 93 10 85 76 95 44 100 12 48 68 71 47 60 17 62 37 48 38 36 61 40 100 84 69 16
37 35 88 100 39 48 64 30 89 48 57 65 96 39 10 90 68 46 25 81 24 16 87 80 65 85 95 31 26 69 14 45 78 31 60 66 16 22 21 97 70 84 28 98 74 19 15 27 32 86
81 49 66 34 45 16 79 19 14 29 41 20 24 25 79 73 35 14 60 77 33 47 64 65 59 96 68 18 75 52 65 73 22 39 60 73 91 48 32 63 89 47 14 100 75 21 16 97 49 73
79 65 33 52 49 41 76 18 68 35 84 64 41 41 99 27 62 13 25 41 78 27 42 19 51 10 93 24 26 37 48 52 88 28 27 15 59 30 45 55 32 63 43 88 83 14 28 89 76 62
15 46 85 35 44 93 19 32 34 25 13 19 93 89 21 21 71 76 64 45 72 64 78 93 51 97 96 75 59 32 64 32 89 32 62 64 87 73 10 96 61 14 99 48 55 23 43 54 35 94
52 51 16 74 73 89 59 92 97 17 68 47 100 42 83 39 83 96 24 97 10 71 96 36 33 80 27 34 57 19 39 33 41 52 43 96 66 77 12 80 14 17 73 10 25 91 44 57 23 60
24 22 53 22 71 13 89 67 97 15 48 44 40 19 57 91 35 13 87 52 43 36 24 79 61 41 44 29 48 78 22 44 56 54 67 36 33 25 53 98 46 46 32 88 90 86 17 28 20 65
60 28 25 24 97 28 52 74 14 28 72 100 25 17 10 82 61 35 59 100 31 91 97 60 36 92 24 67 36 52 95 22 56 12 78 83 40 71 40 73 80 87 88 36 46 64 94 83 91 89
