200 10
46 56 43 65 11 80 38 87 57 11 68 80 21 20 34 49 54 47 66 93 78 54 75 71 31 14 92 51 82 60 54 71 90 67 97 74 23 35 70 79 62 99 22 73 25 74 41 75 82 20 87 62 85 82 54 93 49 59 70 79 50 10 20 24 70 78 58 46 90 98 70 11 23 47 57 39 98 47 22 37 21 95 13 82 44 59 87 62 27 70 49 33 34 23 93 22 11 65 42 55 57 64 48 38 96 18 56 83 16 11 98 80 86 96 16 71 65 41 64 11 51 42 24 31 90 99 87 25 81 22 39 17 26 27 15 74 14 40 72 39 16 62 30 19 88 46 98 96 57 97 80 47 63 81 61 36 34 35 48 97 21 14 27 15 84 28 94 28 31 45 23 78 86 50 44 79 92 83 34 17 93 84 85 69 80 75 73 93 45 75 100 73 92 43 36 88 23 53 43 81
46 46 51 47 50 93 70 13 45 25 80 100 85 29 10 92 60 89 20 76 66 80 90 92 11 37 67 87 95 99 74 73 43 99 98 87 44 60 15 96 49 76 37 31 78 18 23 18 95 42 34 33 23 68 30 65 75 13 31 14 72 69 52 25 98 69 27 84 52 80 21 77 27 88 98 48 68 70 94 47 93 84 43 18 73 84 13 62 96 42 52 66 46 81 78 35 100 94 46 57 39 39 21 13 24 77 54 42 20 55 24 47 32 19 21 74 80 62 38 68 59 13 78 67 34 31 91 40 96 76 59 60 60 17 93 80 46 59 86 94 94 35 65 55 39 22 78 50 28 57 88 93 39 30 12 21 21 84 54 38 90 64 46 10 58 76 53 44 66 48 98 85 13 20 34 81 59 22 82 18 99 69 37 27 76 98 90 39 28 57 85 95 43 56 26 42 100 71 72 67
87 34 44 67 97 79 26 78 57 25 83 43 32 61 11 66 11 30 69 92 80 90 51 30 100 61 72 87 43 38 89 56 85 51 46 63 70 12 25 86 66 14 58 62 97 59 33 21 86 52 17 39 32 80 85 85 39 31 67 64 32 50 72 34 20 70 13 66 83 59 21 14 24 67 26 92 28 26 88 42 46 44 93 70 41 100 68 62 75 51 72 36 87 49 58 28 32 24 23 92 44 49 86 41 99 84 29 57 22 27 97 94 87 35 80 86 55 14 66 75 89 46 39 34 19 20 36 80 93 11 21 67 67 59 88 71 59 21 76 81 35 74 95 33 82 34 100 50 86 77 23 24 47 66 70 45 28 87 22 52 42 34 19 41 45 85 58 71 66 66 43 19 48 43 68 39 99 85 55 53 66 41 92 80 70 62 61 45 79 64 12 72 70 15 76 80 69 36 13 99
71 80 36 39 20 76 42 52 89 41 68 47 92 92 62 66 34 65 80 100 80 61 82 54 27 48 12 54 42 93 83 97 18 64 44 63 94 38 38 33 72 47 89 63 62 55 71 34 66 56 68 27 57 68 16 92 30 22 97 75 67 76 18 93 73 10 27 79 71 99 18 70 96 79 82 98 90 86 33 70 39 55 91 42 29 65 79 24 18 31 70 18 63 25 58 50 18 65 62 73 11 47 73 72 67 67 87 75 51 62 18 93 24 100 17 55 46 44 37 53 48 71 45 65 61 72 37 10 68 54 16 100 63 22 69 42 16 84 11 66 23 32 60 85 91 41 53 93 47 26 94 82 67 90 76 17 67 19 63 52 68 10 51 39 50 37 77 99 75 22 18 13 17 77 71 37 55 12 69 21 100 33 66 20 85 100 42 24 78 63 66 67 67 14 27 96 76 42 99 79
78 92 86 51 19 44 53 34 25 76 78 72 20 33 71 75 38 90 69 92 65 72 70 84 31 74 65 56 79 66 57 48 79 63 10 13 33 97 48 43 48 78 77 90 29 99 46 12 94 37 67 92 56 47 84 68 65 84 43 86 88 62 69 96 62 29 87 88 28 42 33 65 41 17 65 35 42 25 58 89 83 74 78 89 82 73 85 31 53 83 33 95 65 56 40 53 25 49 96 88 36 17 57 43 17 38 57 13 12 71 72 24 83 93 57 49 49 11 49 64 15 44 94 49 59 30 27 62 38 26 34 33 75 43 33 100 10 78 11 99 80 96 60 83 34 46 99 85 35 19 50 100 52 93 62 36 85 28 47 31 61 13 99 65 78 80 83 81 37 79 77 81 97 32 33 81 80 98 16 45 83 39 94 18 38 63 75 95 46 76 91 89 36 25 76 79 92 96 11 21
80 15 48 22 18 80 70 40 44 67 72 94 80 72 55 14 53 57 53 37 63 51 68 95 27 51 83 20 17 77 64 65 31 81 80 56 35 57 92 10 20 79 45 59 50 76 51 88 56 12 63 53 36 65 100 63 78 55 41 85 33 98 47 65 78 23 35 34 41 36 84 14 87 41 17 70 86 84 77 13 80 47 83 22 14 79 69 60 19 12 64 38 95 40 55 82 99 67 95 16 56 80 47 58 87 64 69 82 46 94 57 66 39 84 97 19 96 61 83 19 21 49 11 80 52 49 56 62 33 78 13 52 60 36 77 20 94 19 70 69 40 38 24 36 14 62 99 95 47 38 54 96 52 30 37 38 90 85 24 84 80 61 58 94 47 31 54 57 67 69 65 30 95 71 94 76 67 88 71 68 10 63 71 69 17 25 11 47 15 63 39 18 14 47 71 65 62 35 48 15
79 41 51 44 90 95 36 58 61 60 68 59 26 95 23 33 89 34 49 58 74 50 24 55 18 80 14 32 97 80 57 97 68 28 64 71 94 100 79 17 25 37 94 31 98 87 19 96 88 100 53 77 75 23 30 85 40 39 61 98 26 100 51 72 43 54 98 59 47 84 37 20 58 67 48 16 91 33 39 14 92 71 17 71 48 12 78 50 33 34 50 73 29 54 44 34 60 61 14 96 26 90 93 92 79 73 51 70 52 49 69 56 21 72 18 47 40 19 13 24 58 64 76 82 93 10 69 73 69 75 87 55 87 50 37 37 47 14 44 29 96 84 15 40 79 71 72 67 99 18 32 26 64 99 82 20 43 53 28 35 60 99 12 40 65 79 24 16 77 47 70 77 92 63 52 31 60 87 52 57 18 87 47 48 100 43 23 37 49 59 60 96 82 35 31 30 93 15 53 15
28 17 100 48 95 96 67 69 79 84 45 14 97 66 54 23 27 52 91 99 47 13 31 67 90 72 68 28 99 68 84 99 86 55 39 76 90 52 62 60 22 17 61 96 46 14 22 81 12 66 42 93 24 50 73 23 73 11 63 25 35 11 18 97 66 13 29 45 18 66 91 71 25 29 37 89 81 30 33 86 17 14 27 45 25 65 80 64 65 61 11 99 57 29 11 52 64 54 64 74 41 53 32 18 12 82 17 38 33 34 21 30 35 18 79 41 10 95 27 47 53 53 70 40 45 86 88 51 93 44 97 57 93 44 83 83 15 81 83 93 59 18 76 30 40 84 32 25 30 78 23 77 90 91 100 62 39 59 24 38 21 75 93 36 46 64 68 40 95 33 42 86 18 99 60 79 62 81 10 36 69 65 87 42 49 55 73 43 82 18 77 32 70 83 29 90 31 84 72 10
41 39 20 19 81 45 81 84 17 28 11 19 72 92 99 64 87 58 43 83 93 82 73 47 41 43 54 65 54 95 27 21 32 26 95 48 88 30 55 22 93 20 45 85 18 23 19 26 46 54 13 58 52 46 40 65 81 18 90 17 13 85 64 72 67 49 15 85 57 35 62 69 59 15 81 30 74 84 34 42 100 96 15 59 86 26 11 71 75 17 97 81 22 77 74 12 85 58 28 41 74 33 91 88 54 35 48 96 18 96 11 58 36 72 51 29 26 76 32 58 17 14 78 12 25 43 11 70 67 31 81 59 56 19 60 43 16 68 28 29 19 73 100 86 66 28 67 56 69 15 16 65 18 79 40 88 22 26 16 23 79 41 45 59 25 33 67 42 30 82 24 75 12 19 49 18 41 88 43 33 40 49 17 15 29 69 80 80 27 41 48 29 31 36 15 49 47 45 64 92
75 83 17 34 84 37 100 61 36 11 23 96 33 11 59 25 23 10 55 93 47 64 73 55 68 91 35 69 47 48 10 18 51 18 57 11 90 49 26 24 77 37 40 51 56 62 13 67 64 80 79 39 40 98 86 12 54 19 85 94 50 93 32 78 52 85 94 14 19 34 59 96 55 43 84 26 25 19 69 47 51 40 29 67 42 17 55 82 58 18 21 92 88 72 77 43 96 33 49 24 37 30 67 39 53 87 79 39 57 67 24 78 14 17 45 35 71 11 16 69 35 65 34 14 10 63 92 88 95 61 54 72 25 96 54 73 77 52 76 50 98 54 96 59 90 51 98 90 12 63 48 23 83 63 87 42 76 54 99 22 31 76 60 17 77 62 32 22 53 85 56 89 32 20 48 17 14 87 92 91 76 16 71 86 30 15 89 26 91 15 79 82 30 62 72 62 24 34 100 52
