50 10
58 28 55 56 52 63 13 72 19 62 73 11 87 17 44 23 41 23 93 57 45 43 27 57 24 93 72 80 55 64 94 77 75 21 79 54 92 46 66 16 49 30 74 73 67 67 57 36 69 46
67 99 79 81 29 55 96 98 100 99 91 50 81 34 53 100 98 38 85 97 80 66 11 16 60 88 86 65 22 14 34 30 33 46 13 63 90 41 28 52 51 79 59 12 27 72 93 71 21 36
39 63 39 42 93 28 49 21 37 77 98 48 86 22 13 34 24 82 99 10 18 48 36 52 86 16 31 55 51 24 21 81 78 92 63 91 52 92 39 10 85 35 38 61 17 59 86 31 96 73
89 59 95 65 30 52 81 99 93 91 64 72 10 17 43 45 38 22 35 35 77 44 14 20 71 76 97 89 65 99 97 35 91 27 43 42 17 68 39 38 21 57 35 61 21 30 92 34 25 80
18 63 43 32 35 25 84 72 74 91 76 54 39 64 90 98 73 27 62 10 90 24 57 75 65 44 75 12 19 92 93 62 74 11 82 39 96 42 62 24 66 16 69 84 41 94 94 28 55 98
49 56 62 10 19 32 92 17 96 48 51 45 87 72 18 20 62 27 17 92 17 19 65 37 89 87 82 89 76 74 81 11 90 68 54 27 94 70 24 28 84 53 88 59 24 79 37 34 66 91
10 25 26 43 94 11 50 66 68 88 79 62 50 35 58 36 50 26 76 16 92 90 20 56 54 71 73 87 45 29 64 72 68 42 78 35 48 19 51 79 72 34 62 30 84 37 13 21 37 31
63 62 90 34 12 100 18 65 88 94 29 19 39 80 18 67 48 47 83 10 17 76 20 88 68 53 77 10 67 14 92 47 96 14 18 37 100 55 60 45 85 70 26 90 47 12 44 40 39 27
73 38 54 51 63 89 88 39 90 34 65 72 87 94 86 28 96 41 60 23 40 98 83 79 19 35 22 15 85 25 77 15 62 94 23 62 16 86 100 87 65 74 22 91 95 81 16 75 79 17
80 58 98 45 77 46 26 92 80 73 58 71 36 11 83 23 78 47 80 78 56 39 35 34 82 43 58 87 97 75 81 45 56 63 72 44 88 45 84 54 68 65 25 79 97 100 48 61 60 64
