50 10
89 81 55 18 26 49 97 66 50 13 49 55 97 16 89 21 56 24 84 10 54 25 59 79 60 51 79 31 25 70 58 88 52 72 72 78 53 82 73 13 43 60 15 23 96 57 84 77 18 19
81 92 20 10 24 37 37 54 96 15 47 52 52 73 45 23 25 55 30 56 54 26 55 93 98 52 43 97 89 66 99 22 41 47 84 79 40 16 10 54 21 46 45 37 21 58 57 70 57 20
20 35 24 60 21 50 87 13 56 96 10 19 55 70 97 68 14 91 49 37 90 94 53 39 63 78 95 81 98 82 25 60 89 25 95 69 95 82 66 70 22 29 55 94 82 84 62 50 87 75
50 82 59 57 44 77 79 34 56 51 49 40 84 75 77 38 66 75 77 79 47 98 93 24 88 93 53 83 55 96 99 33 51 44 72 47 16 12 34 99 23 44 22 60 85 65 69 27 80 81
37 63 11 72 51 49 15 45 13 25 73 99 91 55 56 83 54 45 92 67 32 18 73 53 45 63 35 43 70 44 37 29 15 51 46 30 89 52 14 95 96 38 61 90 74 66 27 72 62 100
88 47 10 53 56 87 67 86 40 84 47 70 78 58 62 25 72 57 93 51 96 65 77 96 46 42 89 42 57 47 47 79 42 24 19 50 75 74 96 81 57 45 59 34 77 80 45 30 11 23
29 75 97 11 96 58 27 11 69 21 58 25 38 19 38 89 51 34 62 69 57 11 99 64 57 46 87 80 18 69 24 87 89 20 70 20 39 80 19 20 57 86 17 68 14 47 49 36 96 56
45 64 25 31 35 56 98 29 44 94 36 47 84 24 65 23 100 42 23 13 40 57 31 36 15 39 26 14 52 99 16 48 97 80 66 100 41 50 27 71 86 95 17 78 55 84 11 97 24 56
66 64 68 68 88 17 92 92 99 52 42 92 11 74 88 23 48 73 43 37 34 35 67 10 64 91 99 76 99 19 77 50 53 17 51 84 96 19 19 63 49 76 98 98 41 96 58 72 60 49
90 11 81 42 90 20 25 50 44 14 43 39 17 16 81 28 59 29 58 96 97 57 46 27 46 98 27 83 26 44 70 63 70 87 93 84 54 32 74 60 81 93 39 16 31 22 41 86 89 35
