50 20
40 70 60 30 93 48 86 93 86 69 34 71 99 25 97 14 62 89 33 56 30 64 20 26 100 13 28 83 27 21 27 19 25 16 14 21 76 74 74 79 76 44 50 13 15 60 57 75 40 45
61 45 32 49 42 56 61 90 70 55 26 58 58 51 79 11 43 70 70 22 42 30 68 48 76 49 46 71 63 86 54 34 85 56 30 36 66 15 44 41 96 95 91 46 97 13 69 49 10 38
32 46 83 37 94 75 57 91 78 83 25 52 16 12 96 51 98 69 20 98 15 18 17 15 54 64 15 92 50 28 55 37 60 92 78 67 72 88 90 68 48 48 33 57 23 35 86 42 45 56
16 50 80 90 99 33 12 55 22 85 16 86 21 36 26 76 55 18 79 89 28 25 46 42 75 89 42 87 93 60 57 51 47 61 48 50 92 12 62 37 97 97 30 21 17 90 44 99 73 39
78 58 41 92 61 76 94 66 44 25 40 85 49 58 20 80 85 29 67 84 32 49 36 97 68 88 26 89 86 43 58 64 84 84 20 40 86 25 71 80 12 28 59 14 38 20 47 61 33 66
75 44 22 91 51 85 63 95 99 87 55 17 11 79 72 20 19 19 85 97 30 40 13 11 80 82 84 61 30 63 10 89 80 81 79 35 30 45 34 98 42 28 51 71 35 16 81 54 81 67
85 51 20 57 65 23 100 20 27 70 45 26 38 25 42 95 17 61 94 54 29 85 67 93 49 51 58 45 29 27 82 36 33 61 31 18 69 57 26 39 75 19 54 80 22 23 30 58 55 66
64 96 98 42 99 61 78 90 52 84 61 69 75 43 19 89 33 88 84 34 52 55 14 60 77 18 83 85 89 37 95 19 74 93 59 45 29 32 89 51 20 29 37 84 64 17 71 13 38 16
77 22 68 16 55 23 33 57 41 73 80 37 77 34 90 66 58 47 91 84 21 46 46 87 28 89 85 95 97 39 13 19 18 55 82 83 11 10 96 51 81 66 14 37 59 46 36 81 46 56
22 49 66 83 80 16 92 24 70 13 28 38 99 65 94 33 94 49 44 36 29 53 82 83 54 22 66 13 24 31 11 48 69 34 57 88 65 82 93 50 30 35 31 93 97 53 71 20 47 47
75 60 48 72 92 57 96 81 10 99 73 15 90 23 34 31 64 99 79 66 44 14 57 70 84 35 11 27 22 63 91 79 81 70 38 37 55 93 23 92 36 95 12 14 29 87 68 15 49 99
14 81 31 90 31 76 29 50 43 99 56 44 69 53 35 85 38 15 50 55 57 84 54 100 12 76 80 88 99 73 77 30 40 100 76 50 29 90 20 48 46 80 63 24 30 52 16 88 23 82
12 30 19 64 93 90 32 44 73 84 51 42 17 59 76 50 49 78 100 16 45 24 62 62 40 70 49 80 83 32 21 72 63 60 13 95 84 32 94 87 35 86 39 92 86 65 96 24 22 58
95 28 38 11 90 100 51 53 83 35 84 25 96 38 65 33 81 60 58 85 62 29 96 73 70 86 92 88 49 41 83 81 47 21 39 76 22 87 64 41 97 46 71 21 81 19 34 36 16 84
85 31 27 66 41 63 91 40 80 97 22 52 35 10 82 24 61 66 57 38 25 94 67 59 67 32 88 100 79 65 93 32 38 80 65 80 61 87 90 65 33 45 84 33 64 95 10 57 48 64
71 75 100 58 25 37 95 62 70 13 78 67 68 55 31 86 12 46 36 69 19 92 82 12 89 49 64 87 64 37 27 21 72 23 78 77 19 50 91 51 68 41 38 20 80 51 29 13 89 83
78 11 43 67 38 49 20 21 71 40 67 29 29 74 63 36 54 32 56 50 98 76 20 64 40 25 49 17 53 36 59 87 59 36 98 67 94 38 69 48 66 13 89 16 69 38 53 41 69 30
25 27 81 88 51 47 62 96 78 27 41 77 28 24 26 92 86 60 90 81 96 60 46 53 94 39 24 77 71 73 99 94 35 54 36 57 86 56 16 100 24 69 13 82 32 70 28 65 90 83
24 99 49 41 72 30 57 61 34 39 61 61 33 29 10 24 39 38 87 37 82 11 12 63 11 42 41 26 62 81 60 49 34 31 76 80 32 23 62 61 37 57 40 19 65 33 10 33 85 51
20 90 81 65 61 95 87 76 91 34 99 72 23 53 76 54 27 65 37 98 90 43 66 85 56 87 86 19 12 64 17 35 73 18 80 65 50 53 51 13 32 42 97 67 48 19 100 60 60 14
