30 20
33 77 13 15 89 28 34 44 66 24 81 92 32 94 33 56 60 88 16 75 63 27 18 78 53 13 81 100 94 28
76 19 38 41 74 54 27 59 13 65 30 38 100 48 90 70 53 11 36 24 95 96 19 25 64 54 26 11 29 10
79 93 12 64 71 38 69 44 12 62 27 76 51 59 77 55 86 32 93 72 21 60 12 91 14 26 82 43 83 82
24 15 56 45 97 63 43 14 83 97 44 42 65 74 63 23 20 29 95 73 99 99 91 66 71 80 59 85 85 65
32 94 80 38 27 69 41 98 36 36 20 37 55 66 91 67 11 57 63 21 72 20 95 39 49 85 92 92 59 34
100 64 21 92 10 48 75 14 81 62 82 26 48 65 20 35 99 53 73 77 75 84 67 61 48 40 40 91 63 35
14 33 47 73 46 75 12 67 54 85 11 72 51 69 76 74 99 95 45 28 80 53 66 38 55 24 98 43 21 98
99 100 71 76 57 80 92 27 39 35 46 60 51 56 22 33 94 98 64 15 46 12 12 71 49 68 54 68 94 69
93 18 55 75 56 55 40 83 81 41 85 62 55 77 63 41 32 26 68 60 16 24 60 18 76 85 68 82 98 28
73 43 87 45 100 46 96 93 29 55 82 88 53 10 83 46 67 21 83 88 31 25 42 22 69 63 32 69 34 18
37 76 28 17 52 62 98 65 38 44 60 28 33 61 79 90 29 62 46 62 28 84 35 13 29 29 38 20 56 12
88 37 83 58 60 29 98 96 29 80 24 77 59 93 34 70 18 62 61 62 31 78 11 76 25 88 92 29 80 28
37 75 26 69 100 23 79 51 29 97 48 28 24 39 10 93 18 69 49 75 41 99 26 20 96 27 58 55 93 77
21 68 75 67 100 10 84 39 75 82 61 33 65 20 51 71 76 90 81 34 79 85 26 25 49 97 27 22 21 79
19 30 31 17 14 46 76 48 96 73 62 34 83 27 49 94 60 79 64 60 88 11 57 97 56 68 11 67 72 90
88 58 96 10 15 14 90 61 25 98 71 28 55 44 10 72 84 44 21 52 64 80 27 26 91 96 28 56 69 61
100 10 67 23 75 31 79 65 57 67 46 48 15 80 64 24 65 37 20 65 100 55 83 84 95 56 82 91 25 47
79 72 66 54 49 92 29 35 33 27 48 67 58 11 95 87 71 84 32 83 37 96 54 61 35 57 39 25 38 96
100 25 19 40 10 40 89 47 13 76 63 38 70 88 68 92 99 64 20 55 59 26 62 88 87 48 60 33 30 33
17 12 80 63 39 94 86 66 30 62 40 82 71 42 97 18 33 15 54 100 49 87 22 95 54 52 82 89 74 56
