200 20
52 73 36 97 69 48 60 16 56 79 96 94 81 39 93 90 31 56 80 34 78 89 98 60 22 56 97 53 80 43 52 62 17 39 82 14 85 16 54 59 46 88 35 52 92 75 42 42 91 18 74 90 79 98 81 57 72 82 80 52 35 14 42 33 41 75 45 21 75 62 99 41 65 25 70 14 40 75 98 10 83 93 45 46 49 10 51 25 92 85 33 97 38 69 20 91 97 24 13 55 62 34 77 53 48 19 64 24 29 25 37 26 21 30 67 10 80 34 99 77 67 32 16 94 12 11 71 51 41 59 77 98 76 13 31 20 79 16 35 28 13 14 60 22 58 12 37 53 84 77 41 30 47 59 34 29 82 95 64 72 69 75 91 47 53 62 25 34 96 61 98 36 12 58 88 12 21 13 75 91 63 49 70 81 61 45 69 30 67 45 34 60 90 20 83 58 78 80 38 37
48 63 40 69 37 24 93 40 75 50 89 14 36 31 20 30 84 30 36 81 73 40 89 65 39 28 81 18 93 38 90 76 91 11 11 39 13 79 39 10 59 53 84 16 68 55 27 34 29 72 94 16 43 95 85 53 53 36 98 15 74 51 61 35 87 12 66 51 97 26 21 39 82 45 13 94 54 61 79 98 64 98 41 23 28 92 73 37 57 12 76 24 33 89 24 53 89 69 87 81 47 27 19 47 65 51 70 84 91 53 34 83 11 57 20 18 19 100 76 15 29 95 13 89 60 50 90 56 50 45 90 93 77 47 100 66 28 100 78 97 81 94 12 11 90 39 79 38 82 16 63 45 91 92 21 40 67 84 19 48 89 70 100 92 16 67 97 65 65 57 29 73 57 77 47 24 63 78 71 41 81 67 41 73 58 43 14 67 75 90 91 50 18 83 70 45 36 38 90 16
83 14 53 28 13 68 58 76 34 41 55 87 89 16 93 37 17 68 87 62 12 71 76 36 28 37 93 76 98 85 37 37 62 35 53 77 84 41 35 77 51 30 37 64 11 48 48 95 32 94 88 32 41 32 26 71 51 93 31 43 91 57 29 42 49 30 12 47 85 98 52 35 28 93 86 89 71 61 97 81 49 35 49 83 63 40 24 57 17 84 63 79 66 82 98 33 86 58 47 65 63 42 65 88 45 77 24 72 59 59 61 88 71 60 84 66 83 20 42 23 27 60 92 23 25 43 22 84 66 56 65 13 85 41 89 94 28 86 19 71 82 14 54 36 50 75 49 42 40 99 82 21 53 88 32 98 65 100 38 84 40 92 84 89 86 32 91 25 24 98 26 48 94 95 58 34 12 23 17 60 52 74 34 51 98 67 36 85 66 37 30 62 42 61 100 59 24 19 96 53
90 46 73 81 94 48 53 19 13 61 92 91 91 46 27 73 47 11 47 43 28 40 17 62 38 31 53 27 32 19 10 54 52 47 92 26 12 45 15 76 67 26 52 27 82 67 32 43 85 35 53 41 22 31 57 74 73 30 20 50 97 96 32 52 63 87 13 14 69 97 29 55 23 32 78 34 95 18 65 62 66 13 12 94 73 37 27 79 85 13 99 92 61 95 70 66 34 40 80 59 83 87 44 99 60 20 26 31 50 93 83 60 44 22 27 55 80 78 55 25 29 96 12 44 10 48 88 80 71 17 57 37 47 73 14 13 37 57 24 90 20 66 53 34 55 68 15 73 72 50 67 65 30 19 36 76 35 55 73 48 73 59 49 84 86 87 37 97 77 70 72 62 35 56 56 99 41 95 40 54 54 25 25 30 25 71 66 12 50 35 68 24 64 94 62 53 49 50 48 18
68 26 52 93 48 54 25 98 82 45 98 32 19 50 11 43 26 19 32 53 77 81 44 10 13 100 55 79 66 60 87 33 53 40 81 39 98 99 31 92 19 23 83 39 15 71 62 66 46 86 59 30 79 78 52 41 51 27 30 21 89 87 11 13 74 13 88 21 82 51 64 15 39 51 57 92 79 45 89 95 53 42 15 48 74 76 41 48 27 30 51 21 30 58 45 84 75 89 96 97 29 86 13 55 48 32 64 93 91 36 31 37 62 32 15 24 18 79 70 90 53 38 64 80 80 51 62 31 98 60 50 93 12 86 57 77 57 41 53 56 90 78 81 15 36 86 44 46 35 45 12 28 10 24 58 50 28 89 10 80 11 76 22 50 88 71 99 98 12 85 26 44 12 89 67 93 94 89 73 30 88 76 93 34 27 75 13 97 42 46 20 27 80 81 97 60 95 43 73 85
66 36 73 72 28 66 94 52 70 81 64 72 32 45 37 70 22 46 89 69 66 44 55 56 100 53 44 12 16 26 73 40 29 18 81 66 45 15 63 22 43 82 16 30 14 91 41 94 93 95 94 23 10 15 48 29 68 75 62 49 71 17 68 84 46 59 99 91 20 99 50 48 17 23 27 40 73 39 67 80 34 53 62 74 32 83 43 42 68 42 17 54 95 67 34 25 57 38 27 95 54 68 88 75 45 75 93 43 69 73 51 60 82 53 90 15 89 93 17 39 88 44 94 17 99 64 66 100 80 41 84 33 13 67 57 69 84 71 16 68 25 98 15 12 85 17 53 88 65 86 30 69 69 82 96 48 76 97 90 13 48 93 45 52 58 51 26 94 96 52 90 57 42 45 84 40 98 95 94 44 15 79 74 29 82 10 50 99 87 53 80 40 65 24 10 11 77 19 37 69
47 47 62 13 67 50 17 19 18 70 92 86 74 33 33 11 40 36 26 44 17 12 89 76 72 59 71 91 80 67 23 62 26 73 67 84 65 49 41 52 67 78 55 24 19 79 86 36 74 40 72 86 85 75 88 50 91 98 71 47 40 14 33 33 22 78 92 21 36 10 18 32 13 15 68 91 82 90 36 12 80 57 56 23 65 22 81 35 68 86 46 21 11 25 59 10 11 54 34 58 91 73 73 65 27 13 43 10 30 90 38 78 10 65 32 62 85 28 93 66 94 60 75 40 76 64 62 38 93 33 42 63 31 73 58 41 12 42 25 38 22 38 14 77 37 62 66 24 14 55 39 91 11 74 89 76 23 61 77 16 40 53 95 74 58 46 77 14 79 89 42 96 55 88 52 49 33 28 76 72 88 58 81 63 95 56 58 85 90 43 10 34 30 14 25 56 19 77 17 76
87 65 11 29 88 56 21 61 62 37 63 80 28 88 62 61 78 66 50 92 76 97 44 13 18 40 89 62 94 55 37 76 91 46 15 34 68 20 17 11 67 46 29 73 26 84 28 74 54 75 21 87 51 81 97 14 57 84 27 36 38 15 25 23 37 12 83 61 21 82 18 100 23 43 39 89 73 30 54 52 100 24 29 77 18 39 13 76 55 23 36 10 57 97 63 27 18 75 34 47 42 73 85 99 53 42 44 86 42 93 44 70 61 52 98 87 94 58 95 77 31 51 83 93 41 87 35 94 20 44 59 76 49 47 43 53 28 22 91 39 68 72 56 31 81 12 22 27 32 82 43 32 45 69 20 18 76 94 56 44 66 14 27 14 67 62 28 58 95 45 26 34 19 77 88 50 79 78 57 100 77 29 71 57 100 85 76 52 96 22 76 11 74 79 63 83 13 10 73 14
92 86 32 18 20 43 51 59 84 55 48 34 100 14 49 14 30 30 51 71 43 71 78 18 26 24 16 35 32 76 67 88 80 70 12 98 93 86 92 43 17 60 26 67 56 59 49 85 48 61 56 22 51 12 46 61 79 83 51 29 51 84 40 94 62 19 46 87 24 19 41 70 81 16 80 28 67 20 74 52 16 21 60 13 96 53 98 100 67 36 28 59 92 70 63 23 24 72 14 72 19 40 70 13 70 18 97 16 59 47 47 83 20 18 13 36 42 93 52 54 48 81 44 67 70 24 91 76 54 98 87 70 60 84 76 70 41 93 39 89 20 17 79 33 21 59 29 91 25 45 25 48 30 100 36 47 81 88 31 50 91 44 33 43 25 61 29 56 34 85 55 69 41 29 43 78 68 100 60 60 51 79 73 53 87 15 33 66 17 44 51 46 31 87 47 44 87 68 54 40
42 86 27 13 47 64 17 93 18 14 87 55 41 12 56 65 54 81 36 13 84 100 66 53 18 18 21 51 13 74 85 21 10 56 49 16 94 63 85 11 52 67 14 34 19 28 92 81 65 96 33 67 58 38 32 33 52 96 29 92 16 67 15 92 75 24 77 37 45 99 85 26 24 95 89 60 68 21 56 54 35 81 92 38 88 76 37 67 77 36 12 32 71 27 66 38 59 51 80 78 77 74 87 20 29 39 96 66 58 38 14 73 48 98 100 35 71 59 85 41 70 24 46 83 66 42 74 18 72 98 77 88 32 100 15 19 16 50 96 10 51 15 42 99 53 80 60 52 38 28 61 21 62 66 91 76 20 68 65 38 95 46 83 58 38 53 54 90 65 63 71 55 22 48 91 18 36 62 92 72 59 19 53 27 83 33 65 58 34 96 57 51 32 60 69 96 37 44 39 34
62 21 27 95 70 84 73 27 99 38 32 19 96 54 39 28 65 58 69 40 85 56 66 15 57 99 46 93 77 22 25 58 42 73 11 73 50 64 30 88 12 97 32 47 95 27 28 16 14 83 93 87 81 11 51 49 35 90 75 63 24 44 38 45 40 97 94 42 79 11 44 27 95 65 74 66 59 12 49 86 99 48 14 76 18 98 52 17 26 60 99 97 67 33 32 77 52 36 31 45 10 78 74 38 14 43 64 71 17 12 62 40 60 47 46 10 45 44 17 87 36 23 67 98 51 88 16 16 96 64 11 79 81 51 53 72 11 13 50 14 99 40 100 18 80 38 27 32 67 51 26 69 40 44 72 54 56 85 79 36 98 37 31 98 78 52 52 65 15 15 98 36 13 37 74 99 70 67 93 54 74 70 85 74 79 43 58 68 74 62 44 90 30 50 22 38 79 60 60 84
75 78 63 39 12 89 14 14 25 57 13 32 42 70 14 39 85 31 53 75 10 44 84 51 13 56 88 100 80 85 19 53 87 25 77 99 75 22 20 59 35 40 69 66 76 17 59 74 24 50 50 76 67 47 27 88 92 43 25 95 99 61 100 20 56 50 96 61 34 16 12 55 38 98 60 90 12 60 65 57 18 33 28 56 68 69 13 27 84 70 82 56 54 94 90 61 62 88 30 79 71 77 30 10 46 68 50 83 78 74 74 46 25 93 35 78 55 22 20 10 66 36 12 33 33 81 29 82 14 75 33 70 32 83 75 83 93 28 56 27 13 86 86 75 88 33 88 100 79 82 80 24 45 77 28 25 87 59 15 79 83 64 73 68 51 28 62 20 30 14 30 94 59 60 58 56 68 80 79 88 71 51 25 75 15 78 56 78 61 36 85 58 33 93 42 89 20 63 60 23
91 19 31 22 98 50 36 15 49 48 17 26 55 88 55 60 29 19 71 94 20 11 98 17 85 81 40 67 24 70 90 80 89 59 76 27 50 44 83 49 30 90 15 41 96 91 80 92 73 20 27 58 65 47 17 71 85 92 72 42 93 71 29 87 21 97 79 65 85 12 51 24 95 33 93 21 21 23 96 33 29 61 89 73 84 34 53 64 50 37 14 40 90 37 20 69 89 44 60 35 88 47 86 84 64 36 30 98 90 54 52 24 28 53 41 94 72 54 68 95 85 25 86 33 46 32 85 42 50 36 52 79 33 41 60 57 98 11 27 32 97 18 79 50 26 14 86 36 10 83 18 95 39 52 31 14 60 77 92 99 13 79 23 10 19 84 43 37 22 46 54 59 61 23 66 44 55 40 26 19 38 55 91 92 63 92 45 69 75 100 75 80 32 43 24 73 44 94 79 66
76 18 28 34 78 31 47 41 22 47 12 83 89 16 60 97 49 41 71 75 93 97 71 80 11 38 10 17 27 94 11 79 98 39 60 85 48 56 80 41 64 60 84 74 74 79 54 32 29 17 94 58 28 28 13 84 64 66 71 39 77 44 23 98 75 45 42 73 99 98 91 100 28 94 85 91 95 20 70 51 89 25 36 54 23 88 89 48 10 53 59 23 44 51 69 66 82 18 26 45 70 71 46 38 35 74 55 84 36 19 15 30 90 57 39 86 45 91 73 68 56 100 31 67 56 62 29 12 84 30 43 57 25 29 30 42 11 42 38 93 23 58 81 83 49 98 38 95 35 26 23 39 12 30 45 91 35 16 90 56 89 43 44 68 39 31 80 46 13 80 78 66 42 35 18 97 88 68 30 30 18 17 31 76 49 97 64 76 84 53 65 26 98 44 26 53 32 75 60 29
61 44 55 24 17 71 26 43 89 44 97 23 42 68 48 47 68 44 14 53 34 21 89 90 92 91 65 93 69 100 38 60 18 57 40 91 53 11 80 98 13 57 65 89 77 71 44 48 47 61 54 18 97 48 72 31 59 92 34 88 57 38 38 48 46 62 17 92 69 24 25 99 62 42 67 73 21 12 60 65 95 61 14 91 25 94 65 11 96 12 66 50 43 26 88 71 48 67 57 70 65 39 36 63 30 13 33 91 54 96 99 75 64 13 41 24 74 90 45 16 15 89 41 67 24 67 62 82 74 50 36 15 92 12 24 31 54 84 71 29 96 63 44 54 16 61 79 88 93 38 21 43 86 75 34 59 80 100 48 38 34 38 29 49 98 74 16 90 43 10 80 18 76 38 83 79 35 86 76 98 33 60 76 15 70 57 99 60 85 84 87 76 68 51 66 35 60 27 24 27
49 19 51 90 91 58 36 11 47 22 59 45 76 45 80 29 32 49 53 45 77 87 75 62 90 53 71 80 24 64 50 33 100 29 12 52 59 83 37 15 51 90 40 55 15 18 30 75 94 86 31 44 93 73 62 69 96 47 97 54 41 81 15 41 37 78 71 82 24 84 92 39 92 90 86 97 53 25 81 46 66 48 17 26 86 70 10 17 96 23 60 95 25 97 57 16 54 56 35 83 65 19 64 58 65 28 83 96 33 70 29 48 89 21 60 26 36 22 60 14 89 60 18 87 100 78 28 82 92 34 88 37 73 63 87 61 52 96 43 83 75 54 35 62 90 92 15 55 72 30 88 41 44 60 61 40 20 75 88 100 45 60 57 52 66 88 72 56 57 57 17 20 100 18 99 80 37 64 22 64 19 38 55 56 92 88 33 12 19 77 76 39 34 22 26 95 92 21 81 71
73 27 93 63 25 53 48 30 37 57 89 21 83 58 62 62 17 38 17 100 34 66 64 85 15 34 92 25 71 84 95 98 76 14 94 72 51 23 87 49 87 44 97 88 38 11 19 54 18 81 51 27 16 64 82 32 86 71 54 92 85 34 15 11 93 19 82 13 13 58 53 67 16 98 98 23 18 13 43 45 92 22 74 75 78 61 57 74 36 32 91 71 16 60 38 55 40 52 63 27 16 23 12 23 54 38 27 61 78 37 48 88 94 100 29 34 11 27 75 62 44 87 66 45 16 74 89 88 65 89 69 49 44 72 62 40 13 91 18 78 82 80 49 33 49 34 96 54 33 100 13 84 61 85 65 68 46 57 52 43 100 69 42 86 30 78 68 86 59 22 26 58 49 49 95 64 24 28 97 22 45 74 10 21 54 85 22 31 50 42 27 31 52 44 47 89 90 43 91 72
100 91 34 57 42 69 13 32 59 38 48 26 98 33 54 72 66 76 68 16 19 82 68 73 71 12 89 81 17 44 55 25 94 42 95 79 88 41 50 22 60 21 10 62 58 10 90 83 61 61 11 23 35 63 91 76 24 19 81 92 37 63 65 37 82 48 76 99 29 19 48 13 27 28 33 60 54 61 28 17 60 17 18 74 72 35 53 65 21 23 37 32 73 58 76 38 96 79 13 80 32 59 76 28 48 78 94 44 43 58 85 84 50 79 52 54 78 58 79 37 24 52 60 57 92 75 70 30 34 86 14 76 75 23 81 58 15 90 79 68 45 91 27 23 64 98 72 75 72 66 100 91 40 72 20 54 30 31 88 12 42 62 77 60 27 68 16 53 83 34 84 12 38 65 43 50 76 38 35 23 32 42 26 15 15 66 64 93 99 58 59 94 79 70 84 24 48 76 61 78
38 55 16 33 23 74 81 25 99 64 61 84 11 59 66 98 52 35 79 35 77 25 67 17 82 45 89 66 75 98 38 88 87 77 58 98 32 48 71 56 36 53 78 44 53 62 42 33 23 87 58 21 72 79 13 86 45 65 100 15 52 76 72 30 76 82 73 64 82 78 33 18 40 50 84 16 100 59 52 37 75 85 63 28 29 76 44 69 41 20 27 63 73 84 85 13 51 47 34 43 90 16 67 35 10 18 23 18 80 15 93 18 86 50 43 59 64 50 74 68 79 53 67 48 64 71 41 26 12 78 46 43 59 15 14 31 87 56 26 75 18 52 54 71 48 29 40 19 88 36 66 23 59 86 30 24 10 33 35 15 59 53 10 96 54 86 70 33 75 92 76 64 40 27 49 80 41 37 75 31 65 97 74 58 53 20 15 39 29 72 87 92 88 60 52 59 29 42 11 34
16 84 35 33 20 90 73 57 16 64 65 26 71 98 53 46 39 19 51 60 44 43 34 45 72 85 56 31 36 50 76 52 10 89 37 47 51 89 50 21 26 24 87 97 75 74 24 32 30 87 17 13 78 59 88 69 58 76 64 13 55 10 54 87 17 60 72 46 100 29 80 43 24 24 63 88 29 84 34 12 31 57 56 86 59 36 80 10 93 64 82 92 49 29 80 18 38 70 38 23 26 10 52 75 42 58 55 33 50 42 27 15 56 60 37 88 61 52 19 23 31 76 100 31 46 16 47 66 21 44 12 26 47 33 98 31 39 66 16 64 72 62 62 56 87 75 69 50 64 31 15 94 62 51 76 56 69 25 23 57 95 98 86 32 55 77 34 65 76 28 49 10 83 45 97 99 37 38 72 74 78 61 81 65 45 16 61 81 59 47 32 78 52 66 52 48 11 73 44 75
