30 10
47 11 19 73 47 61 35 74 93 82 34 41 56 28 16 45 81 58 19 27 85 61 92 86 53 13 65 46 44 32
75 98 42 43 15 53 72 82 33 90 73 76 93 55 10 70 55 77 26 29 24 95 68 76 65 42 93 35 38 65
13 16 34 69 57 46 46 94 92 78 46 48 60 91 75 19 25 89 85 76 91 41 75 68 69 41 72 55 25 85
60 25 93 71 12 75 95 76 92 23 50 63 13 16 51 77 43 10 17 99 11 22 39 77 37 97 17 84 34 56
34 62 15 39 39 25 25 77 26 22 57 23 13 70 60 40 32 14 81 35 25 65 81 78 100 10 12 52 91 81
20 92 83 54 86 14 79 57 59 32 39 45 98 48 10 17 20 88 16 18 84 44 68 92 73 59 50 75 23 80
41 41 58 85 79 54 32 46 54 56 33 66 63 57 85 45 40 13 94 82 92 95 33 41 56 82 71 76 20 71
54 14 16 35 82 71 99 43 41 82 62 72 43 96 59 27 42 97 96 28 28 11 48 56 18 92 50 86 20 90
46 80 24 77 56 77 27 43 64 10 89 58 54 67 89 97 27 36 78 37 25 69 16 31 10 77 37 87 45 90
78 66 100 51 57 54 98 51 66 95 36 22 77 11 20 22 84 34 81 25 20 19 15 57 99 67 49 19 48 92
