200 10
58 90 45 38 29 90 63 64 87 30 46 44 40 26 79 56 61 31 42 36 96 58 28 92 81 66 17 88 39 38 16 43 84 99 96 42 82 93 77 42 82 15 13 65 62 73 100 93 38 80 51 46 65 44 93 68 50 24 77 83 41 58 92 79 79 61 96 80 27 30 16 17 39 29 49 52 95 40 95 80 68 32 70 58 72 62 88 69 61 50 70 85 74 47 61 57 33 18 35 13 55 14 58 90 40 25 99 61 16 49 97 26 77 54 70 75 15 54 51 57 54 78 63 21 53 66 71 75 14 27 74 74 78 72 88 99 95 43 78 60 30 15 96 97 11 78 30 90 67 69 48 66 25 46 45 66 95 67 55 62 13 78 86 66 25 14 22 32 44 56 70 40 23 58 47 84 48 11 75 49 94 98 80 33 38 22 56 94 84 20 34 42 90 38 77 13 89 24 78 28
48 75 51 62 11 38 68 72 95 12 66 28 70 73 54 90 69 61 91 32 30 83 39 24 67 94 16 100 84 48 71 49 43 66 59 62 79 67 68 31 65 14 52 62 52 41 41 95 89 65 14 18 50 54 27 67 37 68 84 50 67 84 76 82 50 73 93 84 97 82 68 33 57 82 80 16 34 52 62 78 83 81 44 52 54 39 64 32 77 39 15 35 99 53 87 55 35 59 76 58 65 79 97 79 27 57 21 74 94 19 85 98 85 62 76 15 18 17 66 73 97 89 36 51 74 72 63 80 20 48 70 28 51 21 33 24 30 96 13 98 11 68 41 94 94 43 81 56 94 63 73 10 76 35 70 75 62 50 35 56 71 92 87 15 33 72 34 51 10 71 49 99 45 86 40 51 100 27 83 11 53 17 53 84 78 56 87 45 63 50 89 73 51 63 88 61 19 53 48 81
58 22 33 59 78 12 23 91 65 64 42 69 33 21 13 96 30 70 17 68 17 62 67 82 37 79 51 73 50 20 87 24 96 33 91 73 94 95 59 73 83 67 61 96 40 70 70 36 59 28 78 12 89 59 54 48 50 17 22 95 59 47 28 64 44 98 31 32 57 65 42 72 88 54 55 23 49 70 21 33 55 55 81 51 37 100 19 80 94 22 95 79 90 65 76 90 53 26 13 91 52 55 34 84 68 52 69 42 76 34 85 90 54 54 59 55 37 11 41 33 14 10 29 62 50 44 36 72 50 94 100 49 79 17 81 37 18 85 10 15 23 78 72 58 12 34 95 17 18 12 43 87 31 56 81 15 87 100 36 51 19 94 39 65 78 83 13 52 91 78 82 30 64 94 45 23 44 58 25 68 68 34 98 14 84 86 75 44 91 83 65 80 60 32 62 87 49 85 72 96
23 25 84 85 21 70 24 27 19 85 87 43 11 12 21 15 97 68 23 62 97 49 36 45 99 78 68 43 16 81 61 83 22 10 78 35 56 28 50 18 75 34 62 77 69 20 49 41 81 27 43 66 44 44 33 73 36 26 55 19 49 44 66 44 91 33 46 17 53 42 95 78 38 61 63 30 55 34 19 97 23 72 18 36 78 49 67 17 37 83 26 18 85 19 55 66 41 27 77 56 80 32 34 83 79 23 34 93 82 86 85 94 72 45 21 74 69 62 40 57 30 45 26 59 47 70 68 26 58 51 93 80 23 28 91 72 53 49 45 72 19 67 38 27 49 27 55 13 94 37 92 67 47 50 41 19 95 14 81 86 93 68 94 86 83 99 55 58 73 68 10 32 77 35 36 34 97 93 99 89 53 60 11 78 28 13 38 38 12 20 40 28 20 45 22 49 36 39 36 21
96 85 93 15 20 58 71 71 80 19 27 28 59 31 38 78 33 23 77 40 26 88 58 95 75 14 31 19 22 47 59 34 21 90 76 30 30 90 68 45 58 50 94 28 16 69 54 41 53 35 92 95 57 75 10 75 68 77 43 28 12 29 96 39 29 70 82 37 91 86 99 40 26 72 43 22 85 27 60 62 20 42 13 58 72 30 24 46 59 86 86 12 69 53 90 44 79 75 83 25 11 65 18 91 10 85 77 84 94 60 92 89 18 72 38 16 13 36 25 87 86 67 82 93 94 93 53 30 12 16 35 96 84 97 31 43 13 10 31 92 29 99 11 39 60 21 18 43 39 82 96 43 93 20 16 16 82 73 24 17 79 61 28 80 15 58 45 72 77 89 39 21 72 41 14 43 32 56 21 42 66 68 18 99 43 35 30 71 82 71 85 31 28 51 76 95 66 40 63 34
52 48 57 11 68 86 21 97 73 96 67 47 59 44 70 38 35 58 48 24 75 24 81 30 33 97 47 80 53 93 41 74 99 95 51 88 97 86 24 50 17 16 84 34 40 47 14 63 24 21 58 76 57 72 44 42 19 59 79 61 66 26 25 56 55 61 37 92 99 45 26 23 52 15 57 66 41 27 69 71 53 56 100 46 91 75 78 14 17 68 98 23 60 38 57 96 12 31 34 95 97 54 98 90 30 74 69 99 84 18 12 84 84 95 98 13 19 20 27 79 17 19 26 76 41 72 20 64 78 46 22 88 53 55 29 84 14 37 58 68 45 86 79 63 73 22 18 28 51 100 98 56 49 48 92 100 23 89 27 26 53 98 16 38 12 25 39 71 90 89 31 88 76 60 36 77 31 99 51 66 76 13 93 55 85 25 79 40 88 36 76 26 52 42 75 17 35 80 12 88
26 45 48 85 86 29 81 76 53 84 27 26 20 87 100 47 94 95 73 44 98 18 60 100 47 56 39 43 39 47 16 90 66 80 44 64 24 86 98 41 56 83 84 72 26 42 72 85 44 80 59 92 31 62 44 84 91 69 13 46 85 52 13 81 88 65 85 41 98 99 78 84 15 99 65 95 41 44 52 94 94 20 11 17 77 95 29 47 96 21 40 32 37 71 34 13 16 47 53 54 39 39 77 65 79 53 94 83 49 40 71 81 42 100 23 55 80 44 10 14 63 95 44 62 14 37 59 12 87 17 28 60 13 97 56 71 95 90 60 68 54 52 62 36 85 75 57 70 91 91 25 88 41 53 60 28 50 22 37 44 27 29 91 40 93 82 38 29 78 54 69 14 47 31 68 78 91 40 17 94 74 85 22 60 75 60 92 78 78 98 43 12 79 41 91 29 61 20 70 91
27 47 79 56 73 25 39 69 47 11 53 32 61 85 32 40 30 18 61 36 45 100 55 83 75 42 19 27 100 67 14 41 51 39 96 35 66 96 54 52 94 58 29 17 52 65 82 24 14 56 98 79 45 76 55 69 33 74 93 24 16 73 74 68 91 37 55 65 65 10 43 27 51 20 27 97 23 53 96 37 50 100 84 67 16 25 78 23 64 58 88 41 24 84 52 40 82 62 21 100 25 47 58 59 75 92 13 19 100 81 37 99 90 17 72 51 79 18 85 19 60 38 93 59 33 90 51 99 58 82 100 51 24 50 86 11 15 19 18 49 75 72 19 13 15 11 31 48 78 47 10 18 30 38 71 68 55 88 20 27 44 54 12 96 34 68 43 96 11 87 78 76 55 17 89 13 50 22 28 30 18 25 13 27 29 11 92 60 14 21 37 92 76 57 98 99 75 70 91 94
13 74 34 73 68 45 25 53 52 90 72 46 11 52 60 90 63 79 63 37 75 95 38 54 23 91 54 59 12 66 96 97 28 23 54 83 46 46 55 63 48 21 63 13 81 35 91 64 74 32 26 40 50 84 98 97 24 25 37 97 43 83 31 100 32 47 26 96 57 66 94 91 36 48 46 86 19 30 41 82 44 87 15 74 83 51 11 36 72 37 12 26 81 71 33 52 41 44 12 35 48 70 29 48 11 25 95 84 37 92 37 72 71 96 68 88 33 22 59 20 99 26 93 86 39 45 45 50 78 79 48 33 65 24 37 65 87 93 47 39 68 80 57 51 33 90 58 82 92 29 86 63 19 67 23 55 61 88 55 62 98 17 80 87 82 66 80 36 97 92 11 34 54 44 51 91 21 40 50 79 59 82 50 26 52 82 29 89 21 76 94 47 48 64 39 29 97 75 27 63
62 30 28 97 99 60 14 26 12 66 92 35 90 68 37 39 92 69 97 73 23 98 79 40 96 53 67 19 37 82 78 27 62 44 98 64 94 25 58 31 50 64 95 76 87 76 81 49 12 47 10 56 25 12 64 90 35 45 37 52 15 32 47 57 69 14 14 26 48 75 65 53 36 76 73 31 72 99 96 68 13 24 56 73 22 52 18 33 13 14 54 10 25 13 26 21 32 27 47 12 62 93 16 44 52 83 69 43 35 38 50 49 42 52 54 20 10 99 18 30 26 97 11 49 93 11 28 72 19 47 100 20 95 48 68 82 11 87 43 100 44 84 31 55 47 85 83 44 82 91 16 51 87 63 57 78 72 71 72 80 95 41 95 78 24 29 16 97 59 12 49 23 89 57 55 18 12 62 20 29 71 27 73 19 12 55 50 88 51 78 22 31 78 25 30 23 70 60 93 48
