100 10
35 21 52 28 82 32 23 76 39 47 18 33 24 70 36 52 78 46 31 69 78 37 60 11 69 67 60 39 37 44 56 82 69 94 16 36 82 12 13 37 50 10 44 82 45 95 20 57 40 76 39 56 94 64 90 27 19 94 15 76 85 97 73 87 58 59 69 84 75 97 89 14 60 81 37 77 40 54 20 92 39 32 60 23 45 33 26 21 94 82 67 69 78 90 54 18 85 22 25 88
61 20 78 39 17 39 51 73 23 72 97 62 32 69 76 20 38 42 63 81 43 66 61 45 65 16 58 40 27 88 84 58 85 20 95 97 94 75 18 39 54 17 62 89 43 73 21 12 22 36 89 24 25 92 76 35 77 37 100 29 71 17 11 94 83 54 78 24 48 24 38 40 24 14 75 51 97 84 65 99 18 26 62 36 53 69 54 11 42 75 31 87 30 67 96 42 72 91 60 83
20 28 51 97 69 29 55 39 41 17 79 44 85 68 18 41 84 46 82 41 78 94 20 16 77 19 50 28 36 44 35 74 37 68 12 91 63 82 81 97 31 36 28 22 28 24 15 12 38 70 17 29 75 27 24 79 54 91 52 90 47 15 35 70 60 13 25 48 67 66 76 66 48 11 79 83 66 69 65 66 25 97 67 26 45 80 77 33 73 65 31 28 95 22 12 62 53 47 64 81
35 45 49 49 58 18 28 10 58 56 54 51 61 99 98 22 18 30 66 88 70 63 89 19 37 32 91 75 24 80 57 24 84 17 99 94 17 57 43 88 50 91 93 88 94 100 27 35 18 80 99 34 65 82 77 52 16 40 13 78 56 49 47 89 91 86 15 28 30 83 28 75 80 25 15 45 21 74 65 32 22 35 10 21 53 11 44 38 87 68 62 86 62 70 69 90 15 67 39 20
44 51 56 15 99 65 13 85 28 89 46 66 12 60 93 25 98 73 32 25 97 61 69 36 98 34 91 35 78 11 19 62 100 39 65 32 41 94 29 45 82 18 69 91 18 79 52 83 90 42 100 99 28 51 40 92 77 57 23 43 90 36 97 83 29 50 48 97 69 64 31 34 83 22 40 95 55 19 33 87 89 100 50 30 80 54 75 52 33 52 89 88 81 19 13 42 57 92 98 92
24 59 18 63 52 59 67 52 41 55 35 95 92 53 27 81 34 12 22 60 92 35 89 25 58 78 35 50 58 63 50 70 40 63 11 36 16 49 51 67 62 21 18 31 33 61 52 87 99 61 15 34 82 100 60 34 37 15 52 13 64 49 41 41 53 62 87 71 22 52 31 27 62 89 96 48 18 100 68 38 67 21 11 48 40 99 19 89 86 90 36 93 40 96 91 95 20 49 29 17
14 90 71 98 83 55 51 79 98 18 10 80 11 89 28 61 32 73 17 71 52 76 10 69 17 21 70 46 64 29 18 72 79 70 76 78 91 57 98 55 50 73 84 91 14 90 20 79 53 61 55 35 79 18 10 52 18 12 13 43 66 81 19 50 13 85 37 69 54 10 17 54 67 48 55 11 85 66 77 94 69 32 18 53 72 53 65 17 83 77 71 17 97 11 69 86 54 50 71 94
83 70 56 29 93 22 19 12 44 60 82 44 81 76 16 10 70 97 82 46 15 32 45 19 55 39 69 83 54 23 38 56 51 48 76 23 74 98 43 68 31 62 49 23 13 41 59 68 73 42 69 83 60 23 14 27 70 80 19 26 71 18 58 89 47 22 14 69 47 88 71 96 65 76 44 55 79 92 26 79 14 67 65 60 59 80 18 38 74 76 27 16 16 77 19 74 82 90 69 23
15 99 37 42 69 59 75 22 55 89 63 66 59 92 28 18 11 38 70 93 57 70 47 60 86 59 60 37 78 69 84 57 95 47 89 29 17 60 87 87 29 58 14 96 53 12 74 27 26 42 34 32 70 94 41 36 54 63 20 18 87 66 12 46 90 18 38 66 24 80 81 94 21 65 80 66 66 43 78 22 89 94 90 38 49 64 91 25 81 25 24 48 97 99 100 55 66 53 79 24
49 35 96 53 89 81 28 91 34 33 65 63 51 78 42 24 27 73 42 55 87 57 97 70 10 49 53 92 30 42 38 64 81 29 43 93 74 30 43 21 96 93 59 65 31 66 81 41 75 62 44 94 48 14 51 69 78 58 97 84 72 97 97 31 87 73 71 91 65 76 59 71 80 82 51 19 10 99 15 19 10 97 98 74 87 91 45 36 54 66 80 22 71 11 42 87 36 90 20 38
