200 10
54 48 48 45 56 13 69 31 34 72 67 31 21 15 50 99 38 43 90 49 58 41 44 51 22 98 66 93 54 55 19 50 14 20 27 16 14 95 37 49 70 88 90 10 31 100 62 37 35 26 86 84 55 76 15 19 17 41 94 90 84 79 68 69 39 99 73 23 21 42 18 19 52 63 68 58 48 15 89 12 18 40 38 21 28 19 67 16 63 91 70 92 31 20 93 97 60 71 66 68 52 18 42 52 62 63 95 23 32 22 48 10 92 43 80 17 12 30 69 37 95 21 26 71 19 91 31 12 89 38 19 60 75 46 52 80 57 30 39 48 94 48 31 28 15 20 95 70 38 100 50 94 90 15 15 100 81 81 29 55 95 65 14 88 41 91 96 14 77 62 27 17 88 96 69 84 65 57 13 75 43 64 53 91 54 74 52 62 89 51 58 18 23 96 74 34 18 100 17 27
11 100 37 39 29 47 37 44 54 81 97 94 34 98 62 56 74 80 19 29 44 93 76 40 90 99 58 32 54 50 26 54 29 90 35 73 59 90 82 90 10 21 47 100 77 43 93 91 68 50 87 22 37 100 80 74 60 67 91 74 18 76 15 96 26 23 29 77 53 94 86 90 78 24 41 68 73 73 88 90 91 34 82 65 21 37 73 56 16 48 33 49 82 85 13 73 20 50 93 31 87 44 45 27 44 96 62 77 17 32 72 78 97 52 38 87 37 27 36 82 28 85 85 85 20 98 54 21 78 52 84 75 63 27 54 75 39 14 25 29 11 66 14 14 81 89 87 24 85 28 97 16 19 39 25 85 67 21 91 10 34 34 58 14 24 86 94 40 73 87 13 96 98 71 34 25 54 34 57 45 56 48 29 42 44 82 99 11 78 55 19 28 84 82 60 37 14 89 80 46
82 10 41 83 97 12 16 31 74 17 88 24 16 24 20 79 17 41 43 44 72 12 95 55 57 35 11 80 56 74 91 96 90 61 53 92 41 55 54 95 98 15 28 24 52 62 27 98 52 78 14 44 47 36 67 82 45 81 23 59 82 78 92 16 15 68 48 87 62 43 100 77 81 46 41 81 76 94 20 89 61 59 44 31 39 84 64 76 73 68 97 14 29 80 66 11 35 10 71 45 21 57 59 79 97 68 35 27 26 24 95 63 32 80 14 38 69 82 34 49 57 75 74 74 28 17 38 19 23 48 87 23 44 62 72 37 23 61 69 63 45 32 93 93 76 59 97 26 85 67 23 70 40 91 61 39 92 16 99 37 86 92 17 80 17 97 86 41 80 43 94 17 13 58 50 58 96 40 86 15 80 18 16 17 13 91 35 24 80 33 42 85 29 10 24 90 77 60 37 86
84 96 18 14 62 90 94 92 65 97 67 10 83 74 17 23 54 38 88 81 87 50 42 81 78 97 73 97 59 38 39 55 80 43 40 59 92 78 81 65 76 64 24 36 97 100 72 55 21 63 73 99 70 33 13 57 79 38 44 82 32 84 45 58 20 87 36 42 86 85 29 49 65 100 94 20 43 97 58 97 25 70 65 73 15 59 77 33 26 15 13 55 52 32 65 41 78 78 50 47 57 13 21 65 55 29 68 12 72 46 33 68 86 68 49 34 63 24 99 21 42 93 70 18 91 92 10 18 17 47 20 90 73 41 66 10 96 95 97 50 91 40 78 100 52 93 16 18 22 44 28 91 98 24 21 30 30 87 10 75 82 60 41 39 12 59 96 84 16 32 92 19 13 13 11 44 11 47 24 28 37 13 78 70 46 79 27 35 43 80 37 23 63 14 19 60 42 89 54 94
12 45 68 88 59 25 94 97 27 74 13 62 15 60 15 24 78 73 46 11 95 59 85 79 49 67 75 66 41 17 25 51 87 10 62 46 61 59 57 97 70 68 34 49 97 20 91 66 23 60 74 67 79 20 52 32 50 80 38 19 73 80 50 98 51 77 84 89 43 88 49 28 20 39 50 12 51 36 77 53 68 53 96 81 23 26 60 76 35 61 80 78 45 63 43 88 69 88 48 36 15 72 26 56 20 68 12 13 76 78 81 97 19 48 69 27 72 18 69 80 59 90 60 73 63 82 40 53 36 53 87 67 47 82 31 97 54 40 43 86 17 44 25 18 74 45 76 35 84 76 27 55 33 98 96 69 81 42 45 46 48 56 78 55 51 71 92 33 89 62 17 19 14 79 59 54 47 47 46 42 63 48 68 47 35 30 32 94 57 13 57 12 54 26 92 34 44 56 54 96
47 83 35 81 54 65 89 40 40 68 67 69 27 57 90 61 98 19 19 26 18 69 67 52 49 66 83 10 90 91 93 88 97 83 56 92 79 72 73 10 39 30 18 76 96 71 42 27 21 94 49 41 42 90 61 76 41 99 84 72 46 91 27 44 77 68 19 77 30 23 83 89 78 15 81 44 92 86 23 96 56 62 63 22 18 31 37 80 46 78 27 98 17 29 46 73 19 16 53 65 42 27 75 14 33 62 28 99 90 22 53 39 88 58 46 33 24 88 96 24 10 36 42 93 57 55 90 33 27 19 37 31 39 98 70 29 20 63 61 30 99 21 68 46 76 15 97 36 40 89 24 87 80 84 56 69 100 31 54 89 14 72 90 22 50 38 83 44 36 23 73 64 79 48 91 97 71 45 19 12 21 96 59 58 90 69 25 69 17 91 81 40 74 83 28 23 30 42 19 46
18 68 96 48 68 70 50 47 39 28 54 28 11 69 41 16 22 54 75 23 45 33 32 82 63 83 35 71 72 21 57 79 85 78 41 50 68 63 44 49 34 84 100 34 81 68 60 49 20 33 17 48 50 71 57 23 35 96 10 47 98 94 24 85 40 21 41 47 67 97 32 82 93 67 74 66 34 36 84 73 31 44 22 26 35 45 48 69 17 52 51 89 40 15 30 37 67 87 16 39 79 16 73 21 35 24 48 60 50 27 92 45 41 10 91 46 80 12 23 93 17 42 37 20 36 59 34 51 65 45 50 53 69 62 49 86 71 87 21 22 86 61 30 23 23 93 58 59 98 44 60 98 20 100 80 24 64 88 35 99 49 64 50 19 89 63 75 87 30 22 76 48 38 33 67 39 59 41 63 83 77 68 22 44 64 79 70 28 91 96 20 67 49 33 48 56 79 68 30 85
92 86 37 58 89 92 76 34 100 66 50 62 49 82 33 87 80 85 58 18 36 11 69 37 94 63 76 85 98 78 94 50 96 51 90 92 68 20 83 71 41 32 90 69 49 100 54 26 88 45 93 64 19 35 79 14 49 20 15 100 46 93 50 58 34 67 86 54 87 61 71 42 58 84 58 10 57 19 17 11 12 71 74 45 70 46 66 80 37 82 30 57 77 41 88 63 65 97 13 86 65 49 51 65 58 81 63 55 95 59 31 84 90 54 13 17 48 44 22 76 26 27 17 50 16 50 73 56 68 52 93 11 78 90 69 33 42 64 70 19 19 85 77 54 54 23 49 76 29 66 82 95 60 46 23 54 44 65 67 83 38 36 92 99 31 78 76 87 75 53 19 97 41 16 23 32 82 74 69 44 55 58 32 25 72 97 63 99 13 42 32 72 12 78 64 83 89 55 79 39
47 29 21 59 77 71 53 36 75 23 53 92 13 68 93 12 83 40 70 77 73 56 22 47 57 100 40 90 42 39 79 56 56 60 41 17 94 84 51 25 25 26 73 47 94 39 78 18 93 67 77 31 62 12 53 45 35 66 25 45 39 91 82 24 67 65 97 89 25 62 14 24 21 64 47 65 83 72 56 59 41 46 43 15 36 43 57 86 55 40 37 11 88 11 43 87 72 16 75 82 25 87 41 26 38 95 91 29 73 56 42 95 16 24 57 64 11 55 57 28 69 13 25 33 78 53 61 98 55 85 91 59 69 99 18 28 33 17 17 57 94 10 90 58 67 76 68 13 57 99 37 37 52 12 40 46 41 32 10 56 93 49 15 81 35 56 97 74 16 39 66 65 89 25 91 28 45 16 96 44 27 29 87 11 19 80 30 98 75 80 18 55 61 19 43 66 60 49 16 92
60 21 52 76 18 16 63 62 34 40 10 90 26 56 68 65 40 73 24 36 25 79 89 31 65 66 79 96 34 99 44 11 55 30 100 72 61 82 31 28 11 81 85 51 17 45 43 97 62 17 10 49 40 92 36 66 44 45 50 65 17 80 89 67 87 75 94 70 34 87 26 80 10 16 98 48 41 13 65 72 34 95 79 54 83 94 38 17 30 53 38 58 85 84 93 70 50 68 66 35 32 66 51 24 56 65 35 69 39 84 97 22 99 61 12 11 14 100 74 80 92 66 100 35 48 52 51 55 13 91 89 13 59 80 63 89 13 80 97 21 24 64 43 97 59 60 61 67 53 32 55 69 14 20 97 20 23 29 37 43 69 91 61 55 26 44 50 10 52 56 59 69 71 60 53 20 38 50 66 39 76 89 76 41 20 62 18 50 19 48 63 22 35 100 68 87 30 17 46 65
