50 10
94 93 29 31 70 54 100 13 77 65 53 97 66 90 65 74 91 62 67 22 21 32 77 42 82 10 78 17 16 50 63 57 38 48 84 72 25 36 77 58 65 28 33 56 52 49 61 63 40 49
17 35 30 91 90 47 25 85 55 74 100 44 59 15 16 37 61 60 69 34 14 59 74 15 98 54 71 86 72 43 23 97 37 93 52 46 90 28 89 56 65 47 37 50 90 21 54 51 44 56
45 31 64 25 56 23 53 74 69 78 57 44 43 76 15 78 13 62 76 98 57 76 99 75 78 83 46 17 25 50 82 47 81 45 10 29 37 68 71 11 25 15 61 76 37 64 37 71 61 86
100 79 97 32 58 18 17 35 59 44 97 28 50 83 17 28 79 53 80 34 17 79 54 75 32 60 87 67 57 41 70 25 72 20 20 63 51 37 59 32 29 24 57 85 83 37 76 67 91 55
49 45 85 72 36 20 64 69 94 99 20 16 23 28 85 75 33 98 68 50 62 95 46 11 58 45 53 25 76 95 33 42 24 65 83 49 47 15 93 36 43 45 96 45 14 91 47 51 28 96
34 31 13 23 23 69 10 56 90 70 32 41 33 78 14 74 40 53 73 31 68 33 94 91 80 32 44 64 75 80 37 82 76 11 25 88 97 96 81 66 66 65 86 26 44 39 13 17 99 59
37 66 54 34 90 38 79 53 100 72 80 71 28 34 98 36 58 93 23 99 83 68 70 53 84 24 72 45 26 71 61 53 90 11 55 57 84 79 41 62 98 24 55 53 84 81 99 93 47 45
64 26 46 62 45 29 59 25 85 42 79 24 75 24 53 19 59 12 79 100 14 24 65 24 56 87 58 54 13 41 94 66 49 53 23 91 40 87 96 15 99 58 54 18 98 39 46 78 90 71
32 42 86 81 24 89 79 50 21 27 54 62 60 12 12 18 28 72 57 34 34 84 88 98 95 98 43 57 71 82 63 77 29 15 14 95 93 35 44 41 45 94 39 79 86 82 99 53 94 20
46 37 58 33 17 44 35 45 52 69 59 27 56 86 14 70 18 88 66 36 27 13 29 22 48 43 60 28 81 38 43 14 86 100 98 99 33 39 42 98 99 39 64 30 85 72 60 74 89 13
