100 20
76 81 61 80 86 50 28 18 43 82 98 34 80 36 30 33 16 18 84 64 51 69 11 76 32 58 27 35 82 95 35 47 63 26 47 72 15 21 79 81 34 57 67 25 97 91 26 84 37 43 40 80 60 28 11 55 97 49 82 88 53 81 100 90 98 56 30 39 93 48 44 81 18 33 13 87 43 98 14 38 25 17 75 36 29 88 11 42 67 12 96 85 26 12 38 11 40 92 55 42
51 71 50 22 55 51 91 14 94 59 73 64 16 29 37 80 14 65 42 22 98 32 74 79 72 86 65 20 82 83 10 36 66 87 44 76 50 54 48 12 50 74 54 81 91 88 80 82 70 27 86 48 96 91 89 93 63 50 66 42 46 68 90 49 82 89 11 23 94 88 47 26 28 85 24 29 79 40 22 48 30 35 87 32 26 98 62 85 21 25 75 53 38 76 21 59 39 100 36 100
43 91 59 94 42 74 97 86 82 54 31 96 49 81 95 28 70 98 67 15 95 64 99 42 97 60 48 80 24 94 65 39 96 40 37 42 76 80 90 66 52 69 37 55 42 30 95 29 64 73 51 71 27 52 64 27 74 88 95 49 97 39 48 68 15 36 34 67 15 53 27 82 41 15 81 25 24 36 75 60 23 21 77 49 79 58 12 100 31 51 18 88 55 38 39 19 90 22 19 76
86 90 52 86 31 100 88 68 16 15 27 65 21 18 30 82 87 65 50 56 51 48 65 70 68 91 26 76 70 74 84 52 64 11 31 57 65 13 74 84 21 57 50 57 29 91 59 33 34 46 60 40 23 25 64 49 93 62 85 44 14 28 15 58 49 42 77 27 85 70 73 91 49 78 73 58 84 95 37 99 14 75 22 74 13 92 11 77 68 49 28 10 75 50 37 34 35 74 40 42
26 22 34 56 91 77 62 66 24 79 89 24 59 62 94 34 13 23 41 62 56 30 56 56 40 34 70 61 25 38 24 63 58 59 56 99 54 83 62 65 90 61 89 11 38 87 71 79 62 76 64 18 53 65 11 20 26 26 13 98 32 68 53 56 92 82 14 60 37 56 28 68 24 93 11 34 79 85 17 40 45 70 38 49 73 33 66 33 58 77 55 11 45 65 84 26 20 33 17 27
74 16 80 90 12 40 96 44 71 84 91 32 68 18 40 26 87 41 23 64 37 91 36 78 37 48 10 41 96 49 10 59 63 35 89 72 14 35 84 13 61 10 51 95 92 91 80 19 80 77 81 99 81 53 20 90 78 85 27 72 22 76 57 52 40 49 62 87 18 76 78 99 26 25 21 42 95 97 10 33 73 38 33 88 27 36 71 48 52 23 48 29 40 27 92 67 19 70 72 77
47 27 86 97 98 46 40 26 67 14 30 70 36 80 59 99 23 75 91 30 19 95 14 16 71 83 36 66 68 77 27 50 38 28 63 27 76 48 72 59 77 32 26 35 44 61 78 52 96 96 19 78 72 60 84 54 37 28 25 97 91 83 38 83 53 42 91 21 16 63 98 19 24 83 73 51 87 94 75 65 58 79 36 80 100 17 75 10 53 90 80 64 42 86 27 50 88 86 38 85
93 42 57 94 98 68 96 51 59 63 67 94 64 89 90 60 19 95 88 45 95 84 51 74 51 14 30 86 19 14 19 74 93 63 31 79 28 62 76 14 97 80 19 10 63 30 86 13 91 40 82 47 67 74 24 70 26 56 30 68 92 21 70 60 42 68 58 12 66 86 26 95 79 12 50 28 21 43 29 24 83 14 29 19 35 26 49 79 18 23 10 40 90 63 58 93 10 42 32 37
100 41 71 41 63 24 23 62 49 97 24 10 95 58 24 62 39 57 97 82 60 23 81 40 16 72 55 33 71 98 15 72 65 62 26 100 28 98 81 60 54 55 38 55 21 57 10 98 35 34 25 85 69 98 15 18 82 15 47 64 62 51 56 84 100 37 16 37 24 99 59 56 71 13 10 39 45 44 76 19 34 55 87 98 65 76 32 59 13 98 31 24 80 88 85 89 55 50 75 75
38 54 57 33 40 22 32 50 49 50 96 49 17 65 41 33 67 82 58 86 46 65 100 25 15 100 30 59 77 88 87 23 13 95 22 36 76 76 73 50 68 27 72 60 71 42 69 62 52 100 69 62 72 88 69 24 94 74 55 47 70 20 80 81 74 45 18 75 63 43 64 41 87 43 86 96 96 79 94 10 42 96 92 57 80 33 16 98 45 49 42 65 44 14 17 32 59 51 36 68
23 98 80 29 72 83 62 47 79 98 53 32 82 40 25 85 25 61 41 59 80 73 72 34 94 100 38 75 20 34 23 23 80 40 99 63 95 48 99 65 42 76 33 58 53 62 28 76 98 47 48 73 72 61 65 42 56 44 42 19 22 17 60 82 44 98 71 97 28 34 24 73 24 82 10 73 77 47 90 69 38 47 84 91 30 66 27 20 43 86 37 13 31 29 53 11 23 27 81 47
28 77 91 87 21 49 20 68 79 15 34 76 70 48 96 71 89 95 16 67 39 36 47 62 22 89 54 22 59 43 24 75 22 90 71 69 88 19 99 45 74 59 88 90 40 24 99 18 44 25 68 26 41 45 35 42 68 51 17 57 62 19 60 67 24 21 24 84 92 47 48 49 58 70 80 65 69 91 53 42 50 88 19 23 65 79 86 35 62 19 14 98 51 45 78 68 46 64 72 81
94 98 77 81 86 44 69 11 50 80 13 52 79 13 17 92 76 56 80 34 13 54 91 76 62 91 93 87 79 99 80 37 47 28 78 99 23 40 30 96 78 30 92 45 19 94 59 15 59 41 69 13 89 94 70 71 70 79 45 68 91 52 86 24 93 59 10 36 13 18 61 43 97 62 26 21 81 57 53 40 92 56 17 26 89 21 75 48 27 93 100 55 57 52 36 75 56 66 69 74
38 87 87 64 80 42 35 93 91 85 59 100 88 34 19 97 60 76 54 81 25 30 49 81 24 81 60 65 91 86 37 66 59 80 49 17 28 72 12 79 57 89 70 20 66 59 23 67 48 37 14 83 44 87 31 38 63 93 52 50 80 15 13 78 11 41 55 52 61 75 17 28 65 12 38 94 94 79 83 74 83 94 16 93 51 27 15 49 85 30 40 23 60 64 100 100 75 94 100 95
97 38 74 26 45 94 78 91 44 23 30 25 62 27 42 84 45 47 100 86 24 70 11 10 13 10 49 85 65 41 86 54 73 81 100 38 78 33 72 19 35 14 94 35 10 19 44 73 67 94 31 90 29 33 56 55 22 68 31 84 73 92 53 52 82 82 25 20 82 75 88 55 42 10 50 50 85 51 30 94 23 98 99 36 44 51 64 18 84 19 47 60 47 58 96 87 44 31 73 95
50 96 61 31 36 95 27 44 11 27 78 97 57 78 67 65 67 70 23 13 66 83 12 23 71 47 15 76 20 74 34 49 99 24 73 46 76 30 52 78 62 69 15 65 35 97 92 67 61 30 47 20 76 28 72 61 62 69 25 74 58 57 81 16 74 96 87 68 54 50 27 73 44 18 92 28 33 34 38 79 48 33 97 58 21 43 87 86 55 88 31 66 84 57 65 77 67 97 51 23
52 82 67 46 22 26 54 94 67 47 84 64 20 84 66 16 22 80 66 36 30 74 64 11 76 73 49 61 37 69 26 45 54 70 73 42 10 70 57 21 97 74 16 77 51 74 83 90 49 75 88 35 65 99 46 100 58 74 41 71 66 88 24 94 46 89 26 39 68 30 71 65 69 48 21 14 32 86 69 67 14 31 16 95 64 96 84 64 72 61 92 38 88 53 86 25 30 21 70 50
42 62 70 68 28 98 82 20 30 74 62 85 44 57 29 62 66 89 21 20 82 45 28 31 73 43 53 27 99 52 32 58 83 60 88 91 75 27 21 47 57 92 40 93 99 78 29 88 99 31 11 12 34 29 67 37 15 20 72 53 62 69 63 85 55 94 87 81 27 46 31 77 75 29 15 89 77 97 30 20 52 65 93 23 25 63 76 85 50 80 86 45 44 26 21 50 99 78 14 86
67 94 38 12 45 66 70 64 72 22 48 94 79 70 100 26 77 36 18 94 25 33 47 34 97 53 68 78 54 31 42 97 99 48 33 26 62 20 70 33 39 16 45 81 90 19 12 76 58 86 44 21 19 11 55 78 83 84 13 29 77 73 45 91 33 27 15 19 15 50 98 37 100 76 52 11 81 14 33 87 47 98 50 69 27 23 66 34 26 81 37 47 53 18 27 70 65 13 34 43
16 41 96 76 69 27 96 26 88 50 18 43 42 47 89 28 54 61 24 70 84 21 58 49 33 46 27 18 70 77 83 13 34 89 31 93 92 31 41 58 21 21 32 89 56 34 85 47 96 32 90 58 71 99 18 76 49 67 12 35 87 92 61 29 11 27 72 52 21 65 26 65 12 39 72 96 71 21 55 12 31 42 72 54 35 14 45 39 83 45 56 78 61 79 61 16 79 44 24 57
