30 10
94 92 15 42 94 73 70 20 20 37 12 18 80 84 26 35 83 44 16 49 23 13 24 20 47 76 57 62 68 73
29 15 63 91 38 94 68 43 80 33 98 31 81 97 54 20 22 95 75 38 71 63 92 36 99 37 59 48 64 15
100 20 41 71 16 54 19 85 79 49 13 33 76 53 41 25 51 97 65 94 73 81 42 10 68 20 66 25 46 45
74 42 63 19 54 33 81 39 94 84 71 83 45 27 27 82 93 60 13 86 18 18 83 54 12 60 40 68 78 44
68 19 79 78 76 44 98 24 10 25 75 79 15 83 68 45 89 79 78 47 11 29 58 32 75 77 75 60 38 29
64 80 18 59 41 96 75 33 78 73 57 59 73 16 64 73 33 81 49 82 46 42 67 65 58 22 18 32 67 73
32 72 80 44 96 60 62 99 16 59 90 36 83 94 99 59 26 53 19 41 32 71 22 49 90 79 13 94 12 92
30 28 23 90 28 50 99 44 79 87 20 17 28 58 72 60 32 36 74 16 97 94 16 74 30 94 79 59 67 100
91 54 83 40 69 81 83 40 18 66 21 94 43 25 64 93 53 44 52 86 29 80 91 32 50 39 10 36 89 79
39 11 40 95 82 15 62 81 27 50 13 14 67 59 98 69 27 79 44 55 33 74 88 100 62 61 91 11 60 92
