100 20
86 50 59 87 59 54 100 87 25 16 86 70 79 82 12 31 81 82 27 57 69 17 25 81 89 93 14 82 92 22 38 63 25 12 85 29 78 50 80 42 65 82 51 80 41 76 80 99 84 67 34 14 58 23 19 92 63 36 73 50 35 93 87 86 74 90 74 32 60 65 84 70 94 78 85 58 73 68 98 25 31 10 77 74 15 86 17 40 45 53 41 73 78 77 36 39 35 40 91 61
11 96 47 76 36 74 83 69 49 49 80 89 70 15 12 99 76 33 17 85 28 24 78 50 76 77 14 100 40 72 34 97 17 37 48 41 19 11 70 85 11 56 32 36 59 21 65 68 15 86 13 66 20 41 41 37 24 66 89 42 80 48 23 32 88 40 33 74 21 14 71 30 70 17 13 51 29 64 65 10 64 52 78 56 96 56 95 10 51 74 97 19 21 54 81 81 10 17 36 24
42 32 85 52 65 75 49 50 79 35 68 97 56 57 18 100 17 65 23 68 68 20 18 12 80 81 35 73 48 13 73 52 89 15 74 73 89 85 26 23 48 39 65 89 78 54 90 16 20 31 22 65 95 65 50 14 57 19 84 17 62 48 93 81 37 54 18 39 79 14 18 94 75 21 12 95 43 86 35 50 93 59 29 71 53 50 48 54 53 63 85 74 31 43 57 22 22 90 90 48
97 41 15 92 91 32 60 75 58 54 76 75 18 16 60 81 37 54 24 47 50 92 36 78 81 57 96 10 94 27 44 16 57 100 26 40 77 36 36 15 54 15 27 24 25 11 53 25 72 26 38 78 92 94 83 80 50 58 12 74 88 48 10 85 67 22 64 69 53 20 43 72 78 54 70 19 53 33 20 70 16 24 40 22 10 51 52 65 39 34 90 99 55 37 23 92 21 50 72 40
22 42 62 50 53 72 87 99 81 66 10 69 37 90 76 73 56 38 26 49 64 15 65 11 42 15 19 91 41 80 37 46 53 95 98 22 82 48 65 19 42 92 76 17 31 61 95 79 31 70 87 69 38 29 43 79 67 75 29 54 52 31 88 29 21 71 66 26 80 98 84 85 85 85 45 19 68 94 100 51 81 24 71 93 10 13 48 87 97 71 78 100 84 10 78 14 100 34 39 12
59 16 24 29 20 91 95 27 44 44 91 97 95 46 21 10 57 65 28 83 44 36 61 48 21 52 22 40 67 31 28 84 41 59 73 18 20 54 23 80 10 69 64 39 60 84 55 91 87 34 71 17 29 70 35 23 88 83 71 69 76 34 47 33 25 31 55 31 98 74 12 100 54 74 55 14 54 62 81 86 19 36 57 60 92 57 45 93 19 39 33 64 35 74 64 70 39 74 74 86
99 99 47 100 11 54 89 91 71 53 41 39 94 40 59 79 31 67 45 58 16 79 85 22 32 16 62 51 73 40 70 32 86 11 50 82 35 59 16 72 73 53 85 77 39 59 80 21 40 51 18 13 13 27 40 86 40 25 50 60 29 27 19 98 41 12 91 65 97 76 41 72 53 38 70 35 78 68 63 32 36 64 68 26 33 33 22 96 33 50 14 79 44 80 35 97 99 36 72 36
99 11 79 57 13 82 39 11 35 72 61 66 73 73 59 53 82 60 40 21 42 10 47 28 66 48 39 98 64 77 62 83 63 81 35 68 89 22 66 29 85 18 49 92 50 29 23 16 62 48 96 33 64 53 72 62 64 90 51 21 22 40 18 88 20 60 55 54 51 74 29 62 53 30 82 87 68 31 91 62 24 77 14 79 10 57 70 74 14 98 50 95 65 65 32 41 73 77 88 71
96 19 92 24 85 58 25 74 81 39 45 63 37 45 73 52 25 69 69 56 27 35 86 52 95 38 96 74 26 85 66 51 45 82 74 37 40 93 31 97 39 65 48 18 57 81 97 97 22 13 59 91 69 52 91 13 24 34 14 78 20 31 89 26 44 14 16 69 49 94 21 63 27 73 78 61 73 26 61 17 27 53 53 31 36 93 68 39 68 43 39 53 81 91 95 59 55 56 51 61
43 83 56 13 41 35 25 55 44 56 30 25 55 86 18 67 57 71 66 17 60 83 90 32 61 52 63 62 39 73 58 82 19 33 45 33 16 25 26 14 90 54 83 82 24 94 68 86 74 37 74 61 12 48 12 61 11 70 89 43 99 88 60 27 23 59 31 25 14 90 93 23 21 100 47 97 22 99 10 35 84 63 75 66 94 61 63 10 93 80 83 33 69 48 49 93 42 100 90 55
16 51 55 14 34 12 85 61 59 51 61 87 81 75 29 70 55 82 94 74 53 81 16 24 21 69 73 38 15 53 98 68 70 47 94 44 39 94 41 67 87 65 37 38 75 11 34 30 73 83 21 66 66 67 99 42 16 25 64 24 89 29 71 41 94 75 100 36 93 15 19 98 59 15 60 96 35 88 27 17 35 92 81 95 78 64 44 46 90 23 41 48 96 53 10 25 89 12 80 22
75 90 28 17 37 15 32 76 100 96 11 46 55 40 60 68 11 73 38 40 94 46 19 91 64 41 38 21 42 50 50 92 43 99 32 52 65 74 10 82 61 97 82 16 33 36 16 96 54 12 40 81 43 86 53 56 52 83 68 73 55 27 27 31 23 32 72 39 14 83 11 59 99 36 13 28 55 14 85 42 70 89 53 72 70 68 99 84 26 57 20 18 93 28 95 95 67 98 20 21
49 14 15 38 36 50 54 99 34 91 59 39 41 75 98 98 21 56 100 51 100 29 80 53 86 92 74 11 50 14 98 96 85 100 25 55 72 17 60 89 77 20 58 16 75 95 13 53 77 76 95 97 27 54 12 93 97 70 69 84 31 67 82 38 24 35 75 87 39 32 61 54 64 14 18 63 21 20 23 13 81 47 39 48 75 67 19 29 11 39 29 95 36 50 62 93 56 43 45 23
14 44 61 98 45 69 62 80 25 92 44 34 20 91 76 44 92 61 27 86 31 37 24 73 19 41 100 62 82 82 75 19 65 35 36 92 18 50 100 87 87 37 57 31 21 65 18 85 21 55 31 95 55 79 23 34 91 90 16 48 63 13 80 63 94 71 60 58 34 10 67 59 79 92 25 20 25 60 97 30 92 57 22 54 31 24 89 68 22 29 32 49 33 30 93 20 94 58 19 10
53 41 97 99 15 90 20 23 16 20 57 22 21 71 21 87 82 44 55 50 42 17 23 78 81 83 37 55 60 80 15 56 44 95 38 66 83 84 100 16 27 41 53 41 24 38 97 46 42 34 63 92 18 63 25 72 91 83 55 44 93 46 69 25 91 33 15 52 82 65 19 78 65 12 54 98 99 96 78 21 13 76 65 74 19 57 85 10 31 100 40 45 100 98 10 10 52 69 48 64
69 16 42 50 67 95 60 81 37 70 36 29 55 92 26 51 14 29 91 59 10 90 65 21 59 36 31 97 39 23 97 78 42 40 15 56 64 14 73 35 77 74 68 22 96 79 35 89 15 96 12 40 15 48 53 93 38 82 63 50 82 32 96 97 18 90 84 64 18 21 80 68 94 75 86 13 27 16 88 33 84 57 29 58 51 11 33 58 54 82 10 42 30 27 46 94 97 81 70 27
89 47 68 21 77 47 62 56 39 88 60 47 67 55 30 65 87 50 68 34 52 85 65 88 67 64 11 55 62 45 96 51 88 91 78 12 74 48 22 50 51 74 95 16 43 27 55 53 38 64 82 70 82 95 61 90 73 42 71 10 79 47 33 59 71 30 49 84 22 83 93 14 74 32 35 85 60 20 40 27 11 98 88 36 95 24 72 89 96 97 68 51 11 14 74 49 38 41 30 82
89 16 79 34 68 12 62 47 27 13 94 62 96 29 58 50 34 66 96 23 50 77 57 16 86 45 48 10 61 21 43 21 74 46 97 50 35 82 11 98 97 27 90 18 21 67 65 84 19 86 13 53 38 71 79 43 41 36 24 26 64 86 45 55 14 91 85 43 35 87 81 74 82 97 68 26 10 45 59 26 74 67 81 13 78 42 82 88 100 38 48 77 77 82 70 79 15 83 28 73
98 64 81 54 40 26 61 42 14 42 59 80 11 73 74 89 68 87 48 29 32 30 98 37 28 38 92 74 60 79 52 99 15 75 78 51 41 59 92 90 13 21 64 59 94 90 81 34 24 45 86 57 26 44 30 42 72 94 53 13 89 40 63 87 41 65 19 84 71 33 36 37 18 10 26 18 32 100 96 24 54 35 72 81 89 66 75 28 13 47 92 89 91 68 87 57 57 53 87 51
41 91 70 51 11 37 24 60 63 32 37 24 71 19 38 20 17 94 47 82 59 29 91 50 21 28 52 100 85 70 24 24 84 71 29 22 89 64 34 93 61 56 91 91 82 91 59 67 74 12 44 36 89 85 27 11 97 33 89 88 36 26 69 68 67 38 11 30 36 37 47 77 75 70 87 76 70 25 13 26 20 74 92 100 50 40 55 90 34 94 99 91 84 58 60 84 27 48 18 55
