100 10
78 60 52 23 44 49 59 82 58 49 41 91 25 93 23 66 57 83 100 55 59 44 85 100 67 33 56 95 40 26 67 44 93 62 37 38 79 74 84 66 78 87 12 77 61 96 15 88 98 44 65 31 96 47 21 12 11 80 89 34 60 73 89 17 96 89 22 65 36 62 89 53 29 94 36 18 13 18 66 36 80 13 71 39 17 24 21 12 11 37 43 95 44 63 33 98 81 52 59 37
52 30 25 69 58 78 64 65 51 47 31 45 19 88 45 73 78 62 27 85 52 98 97 62 68 26 49 38 33 54 98 88 29 29 16 84 75 35 38 28 86 56 20 26 52 69 19 79 34 29 81 39 48 24 10 59 53 98 31 78 87 85 99 48 80 68 54 46 54 22 39 38 99 23 18 57 85 85 86 60 55 37 69 64 85 44 53 98 87 56 30 60 38 24 94 34 48 29 72 82
88 54 70 52 63 54 60 65 49 34 71 50 90 75 69 95 29 94 69 94 71 54 66 100 40 13 46 23 48 26 38 36 80 27 30 84 100 20 42 80 88 12 72 84 62 73 67 45 67 39 40 97 78 70 37 100 76 95 63 12 38 57 25 17 47 79 31 20 87 35 30 94 41 58 84 100 91 72 83 20 77 29 41 53 76 43 40 93 71 37 27 82 68 93 64 99 29 22 74 56
17 79 85 66 26 12 31 40 30 44 57 42 99 42 59 37 14 19 25 66 30 32 65 30 95 38 57 67 63 73 20 22 30 25 46 69 56 37 17 11 44 73 91 19 71 46 65 16 51 78 70 98 72 69 40 22 85 62 64 19 91 84 16 98 59 26 37 56 21 72 53 76 71 21 72 10 84 35 97 16 47 58 47 32 86 55 50 73 70 25 15 77 47 61 83 65 23 93 38 82
22 90 21 57 41 21 58 87 92 84 15 74 84 90 59 95 36 67 63 31 96 33 29 24 45 25 86 84 76 44 42 34 80 62 93 60 85 43 87 57 37 68 69 75 48 93 58 30 60 20 22 48 86 20 73 62 17 84 67 38 46 41 50 79 69 92 20 37 62 36 86 84 73 17 49 61 56 24 95 60 52 64 100 97 37 94 20 79 27 66 39 97 28 81 20 12 64 77 63 60
44 98 55 84 86 31 55 50 57 96 11 34 95 10 85 54 84 31 74 38 37 62 87 15 37 60 42 72 25 65 62 55 76 94 12 54 100 21 83 10 60 63 78 68 30 35 24 27 16 17 27 77 48 25 68 100 69 10 42 33 17 47 80 72 83 82 39 16 38 87 66 26 56 74 43 56 77 15 94 42 22 57 64 11 80 73 99 92 60 58 35 23 81 78 88 48 60 25 18 62
85 88 97 70 78 18 94 14 36 16 78 48 81 97 92 67 53 50 43 25 83 90 80 70 72 98 78 44 63 60 59 100 93 54 94 18 40 86 71 71 37 19 14 97 90 21 10 63 32 82 38 69 31 96 56 83 82 29 82 24 52 94 95 90 75 29 19 38 42 84 96 98 80 84 43 27 64 73 93 45 14 79 47 90 35 95 60 77 68 38 90 45 88 90 22 65 49 60 23 23
66 17 84 51 64 25 70 33 15 96 41 74 61 48 56 11 53 39 44 72 91 82 97 84 31 85 12 89 24 92 45 70 46 76 11 87 44 21 71 24 42 54 53 16 10 24 20 51 46 96 62 88 26 82 39 52 34 34 19 69 27 36 83 87 51 74 50 90 34 46 56 58 75 92 51 87 77 96 31 58 62 34 99 16 14 40 81 74 90 86 100 88 11 55 78 55 33 49 57 100
58 13 27 19 56 17 40 64 37 93 67 10 22 98 73 42 27 98 75 30 32 94 65 16 21 92 87 75 37 83 58 17 46 15 77 31 73 67 52 48 23 43 99 74 37 59 66 66 68 32 57 69 16 17 73 13 75 74 86 49 68 37 57 100 42 100 50 41 89 56 12 57 50 15 67 30 35 49 35 68 30 68 30 46 47 23 62 87 60 90 24 50 15 87 56 53 97 43 15 59
68 83 67 14 32 48 96 93 96 75 36 17 34 69 95 31 53 74 68 42 44 71 53 31 11 98 100 21 51 71 72 74 30 86 97 74 26 13 63 26 26 86 67 52 66 60 71 77 87 54 71 46 81 77 90 59 91 40 94 25 11 99 78 31 36 69 73 66 46 61 66 89 81 98 53 35 37 31 82 18 30 14 36 21 16 96 96 79 95 84 12 11 10 22 42 84 93 54 73 80
