30 20
24 88 82 45 30 38 33 54 14 79 28 27 56 30 70 49 42 11 34 80 56 47 41 74 86 66 56 36 19 45
58 80 65 33 90 12 37 52 23 89 53 18 98 68 70 79 70 84 67 13 44 18 78 81 82 47 99 54 61 21
52 46 60 26 88 67 23 96 86 72 96 60 82 21 86 86 88 52 85 46 46 92 31 50 17 79 36 62 39 29
20 73 23 77 25 15 99 100 11 28 98 55 58 10 61 32 31 89 65 42 37 36 98 34 53 71 99 47 39 28
38 75 20 33 77 12 95 62 95 93 87 55 51 52 100 78 18 70 96 65 82 82 43 28 70 20 84 33 78 11
79 52 61 16 46 82 61 34 15 51 45 61 13 75 48 65 72 10 83 93 31 41 50 16 95 17 45 75 14 61
64 69 68 37 53 56 15 62 99 35 11 17 70 81 64 35 68 47 41 11 13 54 97 80 43 16 20 36 14 90
34 18 79 99 40 13 12 50 23 60 40 85 66 73 95 24 89 24 21 19 20 40 55 93 97 66 52 12 77 30
87 95 13 18 82 63 55 88 47 93 20 27 22 42 70 39 86 76 49 78 21 72 89 55 95 94 73 56 41 19
30 76 79 80 64 26 44 54 62 85 26 56 40 82 71 67 74 20 22 87 59 39 61 60 81 60 68 56 62 11
68 61 24 33 16 18 21 81 85 56 92 18 83 100 56 15 74 33 72 40 100 57 56 44 72 49 81 71 31 25
21 25 21 20 46 22 94 76 54 49 97 60 63 49 71 46 28 95 35 62 69 82 100 91 88 17 79 81 24 74
90 22 66 75 93 43 13 65 97 99 62 41 70 56 64 25 27 98 50 38 79 73 41 76 19 34 90 70 38 47
48 46 90 82 98 25 32 12 16 50 61 83 96 56 71 99 58 50 34 78 29 32 34 23 20 26 25 88 53 20
12 68 73 57 37 29 67 29 67 20 41 32 45 70 51 20 44 14 43 56 68 33 21 38 84 51 20 88 72 85
20 37 89 28 75 15 72 44 27 50 60 53 69 84 52 40 48 43 63 20 81 17 17 47 37 98 38 99 79 76
53 60 16 19 40 27 85 48 98 40 12 75 85 24 38 24 20 55 82 10 76 53 77 13 49 12 93 93 95 98
78 34 35 52 43 72 58 82 28 95 88 82 19 10 48 66 39 79 93 31 45 64 70 34 64 59 33 80 88 17
98 99 67 43 96 13 33 90 55 55 47 17 16 22 89 82 51 75 67 58 28 44 31 83 73 55 48 57 97 13
44 67 83 68 22 88 13 88 56 49 99 56 38 33 12 24 83 39 73 51 53 94 43 68 57 15 66 51 92 60
