200 20
25 50 59 23 71 70 31 74 68 86 72 28 81 49 30 66 71 27 88 91 38 46 23 66 63 70 37 67 77 61 80 94 34 37 82 80 49 28 88 88 49 64 44 29 14 50 77 29 47 18 93 84 20 77 70 89 69 89 20 80 94 83 23 53 40 93 28 70 58 55 95 11 90 90 56 83 56 84 32 54 86 30 48 91 99 53 80 39 73 39 95 93 14 93 28 45 45 11 56 46 73 52 21 60 71 51 76 99 20 45 44 26 40 43 54 76 53 56 18 94 95 88 60 25 72 30 18 78 59 96 75 24 58 50 64 21 33 71 49 67 82 60 65 10 73 11 33 29 93 74 45 72 87 37 56 69 76 95 32 47 49 57 89 28 43 33 19 13 18 34 14 62 100 84 100 38 77 82 54 39 47 81 99 59 10 94 93 68 23 15 75 14 74 52 77 54 17 42 76 90
98 45 94 93 71 37 67 29 18 86 22 45 39 90 13 99 67 14 78 93 76 52 40 62 67 89 90 36 80 31 75 50 54 35 27 67 42 83 66 80 57 29 94 39 48 75 97 34 98 94 56 25 45 58 49 13 63 23 64 45 72 72 58 96 69 90 99 99 85 14 40 74 24 41 25 89 36 22 31 70 78 33 47 29 17 44 59 59 51 49 18 75 33 80 31 98 58 68 47 21 93 65 74 26 53 21 98 87 69 57 26 35 62 64 65 57 50 24 58 49 57 64 66 57 66 46 18 14 31 82 66 17 95 31 31 28 72 15 59 60 87 40 56 84 49 100 43 78 37 92 35 42 79 16 76 58 77 99 43 71 64 67 60 23 47 62 36 23 89 26 75 66 16 90 94 79 44 48 88 71 11 85 55 84 32 43 85 72 68 44 38 49 54 89 75 89 56 29 92 16
14 32 81 90 69 15 52 44 61 26 66 87 71 40 44 32 33 90 20 11 42 42 97 16 45 44 39 45 95 84 34 86 59 36 70 88 91 97 45 64 46 70 66 63 62 60 89 78 69 79 48 24 33 31 65 53 20 95 95 86 67 38 37 31 41 48 63 79 81 61 42 94 34 92 87 57 98 77 95 13 44 37 99 26 93 34 86 12 28 99 76 87 42 67 62 58 64 15 60 22 80 94 79 44 85 90 34 81 31 17 46 66 24 24 23 32 57 91 63 21 28 49 63 25 39 80 39 89 82 81 48 38 22 40 59 61 47 54 46 56 55 93 47 33 56 63 50 51 46 97 85 21 57 45 61 97 19 23 95 72 65 73 94 59 66 92 64 29 74 62 91 26 27 90 75 51 71 63 28 22 77 59 31 19 79 31 33 20 88 85 55 23 95 37 15 57 22 17 32 46
83 75 93 17 27 38 12 72 59 42 14 42 96 92 88 63 88 11 71 45 56 15 16 36 80 18 70 98 11 25 49 43 78 65 21 18 23 90 15 46 13 39 14 56 19 50 91 36 50 31 15 87 70 26 41 48 76 11 33 48 44 94 96 45 72 25 71 82 80 25 81 28 49 23 20 85 96 76 41 12 90 10 53 40 84 91 84 89 55 33 97 67 75 21 17 84 57 60 28 36 64 56 84 49 20 100 72 16 57 41 48 41 42 44 85 95 82 90 100 81 51 18 60 42 78 63 21 56 57 36 10 78 57 45 10 54 36 33 96 61 80 34 60 46 67 61 45 16 38 75 68 40 75 91 18 62 55 56 56 92 41 36 45 65 97 53 57 49 91 67 43 41 54 20 60 23 51 93 72 36 50 15 32 13 93 23 84 23 96 33 64 29 46 88 32 80 72 53 65 32
83 55 97 16 100 24 66 65 98 47 39 42 89 75 43 69 85 55 55 26 94 28 16 46 16 37 22 54 53 21 46 65 79 86 23 53 59 10 89 22 56 36 16 63 18 63 64 34 38 66 57 19 20 73 63 97 66 30 25 53 58 39 55 35 14 50 91 87 52 55 57 52 45 74 64 94 95 39 67 23 85 80 63 69 61 94 10 69 80 79 33 55 90 53 31 79 25 72 69 41 68 72 35 46 78 60 21 22 49 88 62 42 23 96 100 80 53 64 36 73 82 40 29 65 70 23 17 18 63 99 62 56 14 81 98 62 85 16 26 53 44 92 53 33 45 94 51 32 47 11 11 79 93 93 20 39 28 79 92 68 30 80 51 10 48 28 45 42 98 60 15 49 16 19 41 58 97 93 59 32 31 32 34 40 92 55 12 16 88 78 63 34 21 46 96 67 57 98 33 44
28 94 26 59 84 19 38 59 55 47 94 97 92 40 80 48 64 71 71 78 86 42 55 44 37 21 77 28 83 44 69 89 28 56 62 17 93 63 50 34 13 77 37 66 58 81 35 10 16 99 61 90 62 41 11 57 70 75 10 60 31 36 68 13 89 90 100 95 23 13 51 31 85 96 17 48 30 62 64 19 29 75 55 20 17 29 12 41 91 72 45 86 75 85 19 17 16 80 57 62 85 28 98 55 49 81 13 77 70 78 97 67 72 92 55 36 62 69 15 46 72 28 97 49 97 21 71 37 77 34 96 41 45 39 38 40 22 87 88 39 64 56 83 74 63 88 45 83 72 89 37 72 82 37 42 66 78 99 87 64 51 73 53 60 87 89 12 82 33 28 36 87 54 58 79 14 28 26 55 49 44 51 36 84 29 51 14 61 97 30 56 90 41 57 29 32 93 68 55 82
86 24 28 99 39 65 21 41 54 94 87 73 51 60 80 31 15 46 99 65 46 36 23 85 80 38 17 17 93 19 80 77 97 95 73 93 51 24 86 25 98 11 22 48 83 56 33 43 98 97 12 19 67 99 28 95 87 62 58 90 19 52 70 95 53 98 65 79 88 51 13 84 52 20 29 38 46 64 81 52 59 51 91 25 71 18 30 90 21 80 13 40 73 93 65 67 20 15 91 11 16 92 58 40 65 81 97 25 43 94 58 91 88 100 88 76 21 96 52 80 11 35 47 90 34 11 52 33 99 54 93 64 58 30 71 20 60 93 45 24 40 85 83 16 59 24 17 95 34 47 28 75 23 11 77 89 18 39 10 79 32 33 46 95 91 87 68 91 71 88 92 67 48 35 42 91 25 10 48 13 100 17 31 79 97 88 60 25 58 72 77 75 33 89 46 34 11 78 26 19
70 90 58 62 93 56 43 73 69 37 82 26 86 13 12 44 35 78 24 95 62 56 52 83 43 83 79 58 84 75 80 99 60 63 21 51 20 62 22 19 92 77 95 80 10 35 34 89 18 59 80 94 50 24 12 77 22 46 92 78 68 98 56 85 19 69 88 60 92 51 65 22 68 22 16 24 52 86 63 56 45 67 39 44 94 87 67 73 20 64 39 73 43 74 14 28 17 47 99 55 57 11 51 24 66 99 98 53 96 28 66 89 58 35 33 11 72 53 39 33 87 28 75 36 85 72 28 94 94 62 42 21 33 56 98 96 36 43 17 40 47 79 70 67 42 62 45 61 20 41 32 36 35 46 97 10 66 38 82 94 43 92 85 39 43 60 12 66 80 36 79 55 65 67 54 12 89 45 13 45 39 83 48 80 37 36 53 99 13 80 13 71 78 84 38 45 78 60 63 21
71 51 68 74 55 34 52 44 38 59 40 39 95 16 13 62 62 77 87 85 33 31 18 78 83 28 100 32 65 38 37 51 29 92 87 41 86 93 39 13 67 66 24 45 23 19 64 55 84 85 44 20 38 18 78 33 61 84 64 31 84 53 42 69 57 60 44 75 94 36 88 72 11 94 19 29 85 61 25 76 16 63 82 29 72 42 95 96 74 51 64 49 37 28 60 99 58 100 63 79 43 73 21 67 90 60 38 50 92 59 38 81 25 40 65 76 65 55 39 77 22 55 72 29 33 28 78 45 25 46 31 28 62 68 38 94 64 94 73 82 37 16 34 55 69 54 33 80 68 79 48 73 96 30 84 56 15 44 61 34 58 26 32 59 22 81 49 53 45 93 76 40 72 50 29 94 54 63 32 57 14 75 34 34 11 93 77 57 89 94 95 32 79 91 26 46 92 47 83 42
76 95 89 80 81 55 34 28 16 19 14 68 77 16 99 81 82 83 87 20 33 65 34 75 87 81 90 10 11 74 26 97 48 57 14 69 44 85 83 91 17 29 95 29 12 33 78 63 22 41 96 77 26 48 80 79 78 52 73 87 88 11 77 35 62 12 24 24 20 35 20 27 29 26 77 96 37 72 67 84 96 84 57 89 35 55 47 90 62 25 35 51 72 10 26 95 93 76 69 67 36 53 15 94 80 22 13 37 10 24 26 73 12 90 52 87 71 76 52 100 17 20 55 14 19 94 96 75 46 21 92 46 66 96 11 55 75 90 77 75 21 20 61 38 68 43 49 14 22 65 86 14 91 65 83 16 82 20 37 10 75 96 23 93 78 18 41 75 62 44 80 33 55 55 58 38 43 86 80 98 80 28 65 92 18 38 55 14 48 47 69 22 13 24 18 48 49 61 85 49
55 53 80 43 13 10 60 57 10 44 32 40 28 25 86 25 22 54 76 77 62 47 70 66 87 70 96 69 100 55 87 46 60 42 66 24 96 44 31 50 16 83 44 25 22 38 12 70 65 45 65 34 55 43 19 11 41 13 37 56 37 13 20 86 55 84 43 89 29 58 27 34 14 98 11 98 52 77 74 20 42 32 96 89 78 82 11 38 15 88 11 43 66 90 46 37 15 73 100 87 100 24 74 51 29 75 80 20 68 11 29 39 79 70 92 32 46 25 59 79 77 56 81 38 64 62 53 15 63 89 49 88 99 22 25 57 47 31 31 54 89 67 62 68 50 54 20 66 98 32 12 77 84 54 12 28 24 39 20 13 97 30 33 68 20 59 54 87 79 12 34 100 49 30 27 58 16 84 79 95 41 53 19 22 60 29 90 48 69 62 97 86 37 13 59 90 78 55 95 34
60 27 34 44 71 69 20 66 57 66 80 77 21 10 58 60 53 38 22 13 77 70 11 42 28 89 40 90 35 76 74 39 69 15 52 22 35 17 67 38 83 92 58 27 38 91 59 37 56 80 63 28 25 58 14 30 90 93 40 33 35 63 31 80 77 75 57 36 70 85 10 88 59 16 86 71 69 84 95 79 76 98 100 49 20 38 47 79 96 79 69 35 78 93 65 51 16 65 41 81 57 88 17 29 69 75 77 68 97 69 51 11 24 67 74 65 99 32 35 22 57 68 64 49 75 63 32 75 32 86 45 97 24 82 18 92 77 84 80 88 92 83 16 73 69 94 64 93 57 91 32 22 35 44 67 97 35 81 11 75 12 46 36 31 82 45 27 57 96 72 87 81 61 52 33 58 51 78 36 29 52 88 15 34 13 57 27 13 82 71 100 40 87 23 44 46 82 42 15 45
99 20 100 94 100 58 45 13 46 11 97 15 57 33 35 46 13 62 82 73 47 38 32 47 46 10 96 60 21 54 94 73 50 40 73 58 19 59 64 95 79 45 46 59 46 28 37 58 27 71 67 37 29 44 76 14 50 28 49 70 31 37 100 95 31 60 33 70 58 89 48 91 86 25 63 15 96 82 85 58 72 83 23 78 96 76 85 33 73 51 91 83 77 92 94 89 73 20 56 85 37 53 31 38 11 86 84 71 98 33 70 61 81 80 97 44 27 40 73 17 84 80 11 94 65 64 19 91 78 36 14 21 48 40 34 74 37 18 42 91 41 41 13 41 84 30 47 54 75 76 41 90 18 23 48 96 51 85 39 37 11 46 100 89 18 45 71 15 61 50 69 25 40 76 52 46 27 25 36 77 62 81 27 98 59 99 82 13 21 30 98 62 11 63 66 14 25 73 41 77
65 68 32 76 47 12 49 86 84 34 73 81 97 53 40 86 48 60 65 86 50 26 33 91 60 18 21 90 11 15 74 75 12 77 19 38 48 97 33 60 28 59 72 19 45 92 12 65 75 56 66 43 33 27 51 55 83 83 70 72 51 27 47 58 75 57 45 53 40 52 53 91 11 55 47 40 44 85 24 50 75 35 13 57 44 67 63 88 10 60 63 17 12 36 54 24 11 66 76 42 29 40 83 36 34 23 67 75 37 91 29 10 20 35 95 99 66 53 87 78 36 45 99 92 21 89 31 47 99 34 45 83 63 94 39 13 66 97 13 67 59 76 11 23 65 17 88 76 26 53 39 90 76 80 40 55 47 31 23 33 57 76 90 99 33 85 65 24 91 59 88 39 63 77 12 66 73 25 77 33 61 13 53 15 47 24 48 100 20 62 96 71 39 46 46 79 56 76 21 96
31 93 100 38 15 76 81 34 60 96 27 55 86 51 62 61 50 43 50 28 70 40 14 13 64 33 28 14 88 70 63 30 96 75 52 78 41 82 12 16 83 42 20 92 71 10 10 11 71 55 14 31 57 45 13 65 88 81 78 25 85 80 57 65 77 50 20 90 81 46 73 74 50 46 86 57 88 100 95 61 85 73 96 68 58 63 71 30 53 12 29 15 51 92 80 81 65 59 37 54 74 20 74 89 14 31 32 13 63 20 52 37 63 25 95 70 29 49 25 53 68 81 98 22 78 68 89 64 27 98 88 56 82 90 91 55 16 93 31 27 93 41 15 11 19 29 89 41 87 12 73 97 41 60 27 74 25 50 97 29 33 92 74 83 58 57 75 27 79 22 92 11 18 47 32 87 88 96 50 94 48 19 20 61 77 70 64 13 63 17 55 59 98 13 15 52 84 76 52 42
38 54 65 58 29 27 58 43 25 79 72 46 94 29 53 13 54 72 88 20 43 78 78 44 58 47 25 20 54 24 20 36 92 74 15 87 72 77 81 40 33 71 100 64 45 44 19 30 83 89 88 51 30 88 46 97 93 68 74 78 64 18 37 74 37 88 85 92 86 32 92 92 23 63 48 97 69 99 14 92 32 80 73 63 32 98 79 74 84 38 52 84 78 57 45 32 71 61 76 76 52 24 29 28 29 87 90 96 66 76 46 63 17 85 43 58 59 71 67 52 12 60 29 67 38 75 82 40 73 65 25 30 81 45 73 48 72 57 41 39 95 75 58 32 12 22 20 98 38 53 54 34 60 82 74 33 16 15 92 72 38 85 90 15 40 88 39 63 42 17 53 66 44 22 50 58 85 61 43 47 64 74 36 25 17 98 53 23 37 36 64 28 82 57 44 25 14 83 33 28
19 37 82 54 27 31 61 65 32 47 53 24 58 51 45 91 29 11 15 79 66 11 45 28 89 46 82 18 31 65 34 85 92 95 73 82 15 51 49 78 72 80 56 78 31 87 17 19 67 47 81 97 75 14 39 100 61 50 92 38 40 94 81 15 48 41 47 98 71 44 97 78 72 21 90 94 87 35 34 21 72 69 38 74 84 38 90 75 94 30 26 42 87 18 94 76 83 12 95 68 67 79 60 50 16 89 46 62 86 99 26 18 67 47 62 94 65 11 48 34 86 79 30 63 17 38 60 40 59 11 94 68 92 95 51 22 35 11 23 54 45 41 54 71 11 100 45 67 94 61 96 87 44 76 80 81 42 26 23 27 25 99 19 76 89 38 58 29 100 97 79 96 54 14 80 44 54 19 93 35 72 72 86 99 22 72 87 37 26 31 20 54 92 40 69 97 59 77 100 59
71 99 68 12 91 50 28 100 94 57 37 12 100 33 72 13 93 48 76 64 38 50 54 60 28 44 79 82 23 30 42 98 59 25 79 89 11 91 10 55 32 25 65 100 13 35 35 62 38 39 13 39 44 33 39 40 61 91 97 89 90 57 73 51 99 67 86 73 92 77 96 84 89 26 83 81 90 89 57 74 51 54 22 95 80 25 97 26 36 15 34 51 34 27 50 87 47 50 69 95 80 42 49 45 63 48 34 28 27 46 72 30 66 55 86 58 94 87 69 32 65 83 77 80 18 77 51 56 34 40 98 25 66 24 50 58 100 45 42 90 87 91 88 13 50 70 100 63 64 68 49 30 75 41 87 44 69 71 99 69 19 22 36 94 17 94 33 35 94 86 58 29 50 65 62 64 15 46 72 12 51 79 38 65 68 96 40 53 24 60 64 28 85 57 58 68 54 32 13 56
99 72 58 32 25 47 55 29 16 19 15 13 70 77 57 85 49 36 50 42 51 10 31 49 66 60 53 92 31 87 98 46 79 57 77 90 20 43 98 16 87 46 67 87 94 92 31 10 50 96 47 96 68 51 96 43 97 57 86 80 25 87 28 18 21 80 99 52 16 45 91 26 63 71 70 34 52 53 47 83 50 45 22 69 88 20 29 20 19 49 85 30 13 34 68 56 35 74 19 15 42 28 45 49 17 57 53 44 68 89 63 32 45 22 85 47 37 66 79 76 75 52 17 67 37 70 26 44 30 94 66 71 30 27 81 23 76 19 72 49 19 23 88 93 41 41 15 92 48 57 33 63 42 27 80 93 26 90 31 32 41 63 91 14 72 42 35 75 13 23 82 11 25 13 33 26 20 20 17 65 29 46 45 100 14 16 78 54 79 34 93 75 58 25 23 86 74 76 31 48
12 72 48 37 86 72 37 87 40 58 52 58 75 37 79 16 84 46 56 16 53 67 53 65 62 34 93 82 26 67 76 59 73 31 58 19 58 68 18 60 29 42 50 46 81 45 81 86 66 47 83 98 47 10 78 52 27 84 51 44 84 46 53 25 32 85 52 54 51 15 12 10 80 73 89 54 99 68 74 56 15 24 17 85 56 98 98 58 55 54 63 76 65 75 66 24 95 59 50 36 79 79 27 70 70 66 49 55 71 17 53 59 98 40 82 74 43 67 21 14 74 41 95 68 15 66 49 81 42 43 85 55 63 53 23 60 25 70 95 20 64 50 59 37 48 80 15 26 63 11 40 44 32 58 87 65 84 85 67 57 68 78 21 88 59 17 97 20 37 35 35 53 62 32 54 90 90 44 81 17 67 10 92 72 34 35 57 60 62 60 68 14 65 100 29 57 46 80 40 18
