100 10
76 69 61 37 80 80 43 96 65 30 18 69 31 45 68 82 34 64 24 15 56 46 73 91 53 64 62 47 89 81 20 13 52 33 98 31 21 100 27 71 42 13 65 12 13 79 74 14 59 75 73 48 56 24 82 51 71 88 39 22 87 53 92 33 79 34 70 88 10 74 18 47 50 49 31 12 25 64 90 77 76 59 40 26 14 86 100 82 98 59 53 64 69 47 74 42 40 42 66 70
83 91 67 16 86 72 77 71 23 73 46 55 29 70 93 43 28 25 87 51 75 48 79 58 25 42 27 16 99 98 48 57 90 61 10 33 37 64 92 30 57 85 35 29 43 42 81 79 64 77 91 83 47 85 46 93 90 88 27 37 21 54 78 22 35 75 75 26 30 39 94 80 72 87 33 16 38 40 99 86 58 48 69 57 96 73 29 42 15 44 27 80 78 57 36 56 42 94 38 84
61 59 61 34 35 50 64 56 40 68 83 81 27 94 76 26 70 79 14 43 100 29 16 74 45 27 91 42 55 39 85 30 84 66 57 98 92 87 18 86 14 68 17 17 36 19 33 36 98 35 45 66 65 49 15 90 26 47 39 73 24 77 98 47 35 76 19 87 83 64 63 43 10 94 59 84 67 41 94 35 22 18 22 28 18 85 23 26 32 50 91 42 37 63 81 46 59 99 51 23
11 10 91 10 84 52 62 67 37 88 65 53 43 68 92 75 70 61 48 90 54 29 43 41 23 50 19 49 58 79 74 16 16 75 40 40 91 39 16 93 24 83 70 74 16 59 82 85 73 43 61 42 66 52 64 74 19 50 98 14 86 16 91 57 71 65 18 57 71 12 31 73 89 91 58 41 77 25 79 14 27 54 23 30 26 22 37 100 31 47 19 42 28 88 71 95 84 39 69 26
52 96 85 99 94 77 97 35 47 44 38 77 64 54 90 27 34 39 63 93 80 19 14 21 75 54 38 68 91 13 44 91 24 95 15 97 48 54 74 81 88 64 33 12 83 38 46 91 100 70 80 86 71 60 68 51 64 25 74 56 25 56 40 61 68 16 26 61 31 59 38 42 26 88 18 67 22 98 35 18 41 34 74 29 12 70 67 68 90 29 53 69 88 50 26 44 62 51 32 32
32 43 52 25 27 66 59 13 71 81 23 35 19 22 30 46 78 22 27 44 80 60 59 40 63 59 70 20 80 16 49 77 20 79 96 83 30 13 46 51 46 94 90 15 97 38 73 47 36 20 86 42 22 86 90 88 46 16 23 38 71 97 40 18 57 29 72 72 91 78 84 86 94 62 58 84 28 62 96 15 52 45 10 88 83 70 45 30 62 47 65 23 35 76 65 42 39 27 62 79
96 32 91 83 35 44 42 83 29 87 78 17 83 58 39 34 56 51 66 27 95 44 94 73 78 52 17 98 77 57 57 63 99 94 37 24 44 94 82 50 48 54 59 86 29 15 50 46 67 62 64 93 82 47 86 52 43 25 91 63 91 73 93 27 26 61 70 21 29 92 81 52 55 99 66 88 72 90 48 92 36 15 53 66 71 90 77 38 47 33 90 90 90 22 84 22 49 11 44 31
28 13 44 80 78 17 67 76 25 33 64 70 98 26 53 90 99 94 96 51 45 71 84 15 60 42 54 76 64 49 42 52 26 42 39 91 47 66 97 69 50 77 40 94 18 60 10 41 25 40 16 72 92 45 80 19 80 59 69 99 40 44 83 33 67 85 55 41 98 11 42 92 98 11 62 45 13 34 65 83 44 49 27 44 32 65 60 82 31 47 24 53 57 60 72 60 28 29 55 100
93 20 60 30 48 54 58 52 14 80 17 78 60 41 18 99 64 75 40 14 21 77 61 21 56 78 60 94 84 60 79 18 36 63 46 69 57 91 61 97 90 22 62 33 82 37 43 67 47 63 100 35 86 23 80 56 48 39 19 15 40 12 31 23 94 63 46 90 29 78 83 97 87 32 98 55 48 18 98 16 43 27 10 66 87 51 78 50 40 47 64 22 49 31 46 84 53 20 53 37
92 94 76 44 62 90 43 77 92 94 68 63 68 40 48 43 100 36 29 67 39 46 53 76 53 35 13 24 83 45 51 13 31 68 84 24 40 49 37 43 89 73 48 40 39 74 11 84 85 15 11 53 73 70 11 26 40 39 46 77 58 14 96 88 37 80 27 42 99 14 49 35 70 15 82 38 44 47 55 22 92 20 27 75 82 41 36 31 51 75 84 40 79 92 97 50 53 30 95 63
