200 20
69 53 51 21 76 76 83 27 21 52 75 99 36 28 82 14 82 87 67 24 22 13 47 45 17 78 40 80 43 30 91 84 68 92 45 94 93 71 52 78 42 70 85 55 92 15 28 17 77 28 13 28 90 72 19 11 60 26 79 73 82 20 85 15 74 57 71 34 14 34 56 57 47 50 42 60 34 57 68 39 29 84 81 95 65 55 24 33 43 23 63 96 61 27 10 71 60 84 99 40 63 51 100 100 22 71 39 20 88 26 31 20 61 94 37 99 76 90 20 38 94 51 98 85 43 80 80 69 92 38 34 78 15 37 87 64 37 88 91 70 92 52 34 34 39 27 77 66 64 74 74 89 88 66 70 20 12 34 35 21 13 80 60 93 13 77 36 27 52 18 99 61 53 88 48 51 86 50 17 61 35 92 67 32 15 11 87 67 28 77 94 65 63 83 98 19 75 39 56 94
68 67 32 92 35 57 15 71 42 80 32 51 44 86 18 33 63 45 64 93 11 61 73 68 97 89 42 42 44 80 93 17 63 25 27 38 82 99 18 36 25 57 33 83 44 93 11 81 12 42 67 91 88 97 87 27 64 86 31 47 12 49 76 55 69 58 41 47 50 67 91 44 40 36 51 52 89 55 19 81 79 66 32 75 98 93 92 42 81 54 19 43 71 16 19 36 55 55 69 58 14 56 55 30 58 50 10 52 33 75 81 64 71 51 15 82 63 65 59 52 66 55 36 50 66 16 38 87 12 91 25 78 72 80 78 95 39 30 84 92 58 51 78 41 16 51 50 37 74 64 47 64 20 37 43 43 73 37 62 88 55 81 44 93 20 60 93 59 60 50 88 76 31 14 91 32 17 47 77 38 59 87 82 35 62 56 88 47 84 67 36 27 15 33 51 66 96 36 62 79
38 30 36 61 98 33 96 21 94 57 95 23 26 68 29 18 91 40 89 19 57 81 70 36 59 49 24 63 24 50 44 13 65 90 71 82 37 16 44 38 97 67 11 73 29 12 37 57 46 71 24 92 22 19 16 86 60 36 38 50 21 19 85 52 73 93 58 70 38 63 59 99 38 91 16 66 15 33 92 73 84 80 100 57 30 91 55 36 31 34 43 40 65 29 82 34 34 27 21 37 58 25 42 95 38 66 77 12 53 29 75 67 100 28 43 63 95 74 33 22 29 20 79 15 44 19 35 53 76 20 54 94 96 82 75 31 45 28 73 42 71 75 32 55 60 13 94 91 83 49 17 73 88 92 77 81 81 80 12 63 54 86 12 87 35 28 72 10 47 90 50 69 51 30 49 90 87 96 26 36 55 30 92 52 55 86 31 20 56 96 65 54 86 19 26 19 36 87 63 65
32 53 31 58 53 17 61 98 64 48 72 77 48 55 10 99 18 85 76 40 53 36 46 39 13 13 42 60 81 79 91 82 19 22 36 94 37 77 90 13 26 37 15 44 58 16 94 65 44 68 32 35 57 30 33 41 17 19 16 74 49 68 84 83 78 99 75 69 70 88 39 68 11 99 18 58 70 35 88 27 19 68 29 60 33 11 68 49 70 51 59 61 24 55 60 42 99 94 11 96 74 91 50 23 42 59 26 96 91 40 53 85 63 24 44 44 25 26 73 21 28 97 58 85 39 65 59 16 35 99 41 10 47 72 68 21 15 71 49 18 91 33 66 69 63 88 44 42 83 88 64 32 27 82 13 95 11 59 86 78 20 27 69 33 33 74 14 46 42 86 34 14 64 84 97 48 79 86 83 89 83 97 85 15 41 81 93 40 35 43 24 43 20 41 39 14 36 94 94 43
39 25 55 15 59 87 18 81 82 76 64 80 60 74 80 50 78 66 48 96 97 75 49 54 41 39 41 48 70 35 25 46 83 76 57 72 52 84 63 74 63 90 29 100 24 76 85 49 53 37 98 29 47 94 19 62 72 99 46 94 99 66 18 67 100 23 76 27 46 59 72 40 42 39 71 49 31 74 87 74 90 47 74 36 29 93 75 54 66 55 61 96 92 54 48 82 35 47 68 17 66 29 87 76 10 41 70 20 57 22 46 33 13 13 93 62 65 23 92 31 20 89 36 76 40 66 65 64 17 59 11 36 41 16 37 57 63 71 98 13 25 39 93 88 71 36 67 43 25 92 56 96 94 86 76 40 75 75 15 85 96 45 42 78 93 56 99 50 47 24 68 81 97 43 18 72 32 16 94 50 15 57 26 34 89 64 16 49 97 53 74 60 36 50 82 87 90 61 76 23
30 49 13 79 55 55 93 21 19 88 22 74 19 36 61 92 96 67 41 82 44 38 58 65 24 98 35 100 42 65 34 56 16 72 23 70 86 18 63 77 59 58 57 65 69 24 27 90 93 50 78 77 55 69 95 68 35 69 100 31 100 53 19 30 99 70 16 96 88 44 34 93 85 71 28 72 48 77 32 29 49 56 95 93 97 37 79 44 64 71 55 27 41 44 16 61 42 80 23 41 46 86 40 81 42 35 16 44 35 54 78 40 23 87 17 81 18 65 65 46 54 82 98 48 43 44 49 68 30 74 33 18 60 100 38 15 56 72 66 29 64 51 88 35 49 23 15 60 83 43 50 75 95 68 70 20 85 57 16 32 40 19 56 56 19 53 56 89 54 51 84 24 67 81 10 51 87 31 82 52 50 81 71 90 78 31 100 47 48 18 43 96 21 27 57 22 70 81 66 21
43 67 90 11 23 85 44 49 24 73 86 50 69 72 19 17 83 64 79 96 48 40 27 15 42 82 38 52 52 84 24 77 63 18 60 58 64 72 80 24 75 29 33 77 54 99 77 38 40 57 10 28 45 78 19 57 85 87 16 41 68 70 39 80 80 86 36 25 53 35 89 58 12 76 99 86 33 59 44 29 41 99 48 39 12 83 52 70 73 64 24 72 98 60 13 12 67 32 79 88 67 85 96 44 52 55 96 92 68 44 22 70 22 60 75 73 28 27 57 92 64 31 45 87 23 91 79 16 42 67 37 26 99 51 29 29 73 46 10 45 15 56 50 18 82 76 51 37 40 99 70 55 43 40 94 14 22 86 41 20 19 55 25 32 36 88 28 48 56 79 69 53 23 67 16 38 36 99 73 35 30 76 99 78 14 35 16 24 37 96 27 96 69 85 94 46 14 49 48 74
68 10 63 62 64 48 55 75 82 84 79 76 92 89 94 42 40 88 38 26 27 44 38 96 16 62 53 10 62 93 97 81 77 51 39 16 14 82 79 78 87 27 30 76 22 15 11 75 67 21 14 93 65 60 16 13 94 46 82 42 100 71 44 31 71 19 85 61 71 55 90 46 52 62 51 11 55 65 51 60 50 11 40 69 37 95 91 87 27 68 61 28 72 23 98 95 68 87 53 84 21 47 64 86 94 40 76 25 22 13 91 89 38 86 99 72 84 88 82 11 64 52 16 22 51 83 19 45 12 30 69 44 51 29 19 38 45 34 69 49 66 58 96 86 55 52 70 49 94 14 47 33 41 24 12 81 10 24 47 89 20 77 86 59 93 87 68 78 59 18 55 44 84 100 11 67 60 68 21 31 52 87 71 31 88 44 57 19 74 69 52 30 86 59 13 79 92 50 92 94
63 85 94 62 14 47 56 99 85 92 28 62 37 85 64 97 30 43 78 93 79 44 18 19 54 78 92 63 65 23 65 43 48 66 87 15 43 62 26 97 68 18 84 13 68 24 28 83 89 95 37 100 66 59 81 34 57 23 73 66 69 45 36 100 38 31 67 44 23 21 12 23 38 66 57 67 87 73 33 10 78 31 78 88 63 63 69 55 49 76 81 33 73 27 13 34 35 33 67 93 24 95 15 91 59 19 31 50 15 32 55 63 73 20 56 61 79 42 34 61 23 69 83 39 65 76 87 71 12 37 92 75 43 54 88 23 71 38 34 81 38 63 39 94 47 49 51 68 35 31 36 25 42 30 56 72 35 47 82 32 67 54 92 82 96 12 58 15 46 53 19 16 26 76 12 70 12 44 88 84 20 79 85 24 71 52 85 48 100 36 48 74 29 92 44 57 57 45 78 25
51 16 63 63 82 39 95 19 43 75 59 32 65 57 20 22 45 24 16 21 53 17 73 17 21 20 27 21 84 92 85 83 35 96 87 62 95 80 81 57 87 87 28 20 51 33 50 49 49 73 36 50 46 46 73 46 49 54 19 72 21 77 38 25 30 50 98 22 74 48 74 28 85 93 15 61 43 34 11 45 83 74 17 85 78 81 29 41 11 15 45 83 44 19 57 14 32 46 28 17 13 25 43 86 84 37 92 88 34 87 67 83 74 27 79 23 52 72 76 55 30 31 38 15 100 44 97 50 66 93 61 63 41 37 56 61 65 99 67 28 99 86 24 60 57 83 30 77 80 96 33 19 93 96 49 72 20 86 49 35 36 12 95 96 67 41 16 92 62 70 75 31 10 84 45 65 29 91 64 75 48 97 32 74 68 45 82 34 71 60 86 79 71 14 65 48 22 11 90 60
74 76 79 46 26 26 96 30 25 79 99 45 83 31 83 21 58 22 15 51 41 61 72 59 98 49 13 36 40 98 18 87 97 27 22 14 36 40 56 95 18 94 46 28 51 40 84 64 53 57 51 44 77 23 78 79 28 17 50 36 84 39 81 81 92 56 91 64 70 53 34 19 40 39 82 48 41 81 59 14 97 100 49 33 93 58 97 19 13 87 61 10 54 15 47 40 71 31 64 94 28 13 30 21 15 87 29 10 81 46 72 26 76 34 53 87 26 41 39 47 56 46 74 85 93 56 10 19 30 93 85 97 30 69 83 100 12 48 86 20 97 45 51 95 79 40 82 53 63 41 63 75 91 34 43 100 65 60 18 81 91 88 100 12 38 49 50 43 26 30 10 94 55 57 88 27 49 48 14 71 10 59 30 53 46 82 52 100 17 37 86 42 87 28 23 35 23 22 67 81
26 20 44 66 41 100 71 25 21 57 93 72 80 27 58 68 26 78 13 40 25 86 20 43 28 67 65 60 10 64 62 98 30 60 39 95 77 78 11 13 85 85 46 17 17 71 68 67 16 34 59 43 33 29 40 24 88 70 55 40 51 46 87 48 24 43 35 49 37 37 61 24 57 68 64 75 90 16 91 21 23 84 97 48 78 88 58 30 96 88 34 61 32 85 69 94 48 19 21 82 80 27 99 80 38 84 59 61 56 78 78 36 87 40 84 25 80 71 90 83 44 94 25 11 16 59 82 90 19 43 90 13 89 50 83 84 78 62 79 14 48 40 98 28 48 52 72 26 57 20 45 93 87 53 60 31 12 34 31 43 57 54 26 83 45 62 60 26 80 15 72 12 61 67 28 72 42 49 35 74 79 32 76 57 58 85 33 34 14 98 46 88 39 90 19 90 58 93 85 44
98 69 42 52 69 94 46 72 71 14 86 26 43 88 10 10 50 78 18 18 19 16 16 64 60 81 99 50 83 72 24 44 100 67 48 89 25 23 79 59 72 70 80 83 40 12 45 100 27 51 34 56 30 78 56 92 37 13 79 32 33 96 51 42 20 91 19 78 69 72 71 50 45 41 84 91 44 68 57 19 21 72 16 12 97 19 53 11 15 34 26 12 51 44 49 65 21 76 11 25 12 68 56 85 14 94 98 52 94 93 15 87 32 84 14 50 51 77 61 59 18 68 12 24 30 30 19 25 42 47 24 42 31 73 41 72 39 54 43 41 38 98 46 40 34 29 48 98 79 72 75 72 96 38 52 47 65 15 48 30 85 18 55 80 40 47 29 40 41 98 95 84 25 98 93 61 31 62 67 48 70 94 36 71 53 38 32 17 36 17 96 42 84 23 79 25 79 20 31 83
13 73 85 24 90 10 57 68 49 19 33 68 83 55 81 91 75 15 99 21 61 51 63 65 42 37 46 93 60 33 87 81 55 74 24 17 17 98 82 53 70 57 47 45 45 69 25 88 20 83 94 92 38 42 83 56 84 15 45 21 26 84 43 64 10 66 10 89 45 38 24 92 69 64 56 90 49 37 59 44 46 20 91 52 39 85 97 44 36 98 31 47 58 28 23 38 54 63 23 80 91 71 85 12 14 87 14 22 78 86 54 24 59 60 45 32 100 27 53 44 99 51 60 21 97 68 90 96 32 75 17 31 65 33 28 25 22 98 21 84 78 29 28 14 62 99 30 60 92 18 97 56 47 39 15 13 62 56 27 99 45 89 73 23 56 75 65 74 22 91 97 62 100 20 11 19 84 19 85 39 88 83 91 17 41 40 33 75 49 54 83 47 28 58 82 34 75 23 17 14
95 18 88 57 71 47 51 46 19 26 31 51 70 85 61 38 54 54 88 61 60 39 86 100 42 33 35 64 13 18 27 55 30 72 22 77 91 17 100 31 85 32 65 26 91 95 42 33 94 42 73 86 25 83 80 79 84 49 93 36 26 36 66 100 98 77 85 57 18 76 48 49 50 45 87 62 77 53 97 72 55 61 31 81 81 87 67 74 39 84 82 40 16 50 89 68 27 25 79 57 54 29 12 90 73 90 23 50 37 31 42 10 68 93 74 80 90 32 85 63 80 94 50 10 77 97 30 76 72 11 43 26 17 21 29 94 29 71 58 21 22 23 68 46 39 99 95 66 17 90 48 37 40 12 98 27 27 20 31 22 93 12 63 13 71 18 71 43 72 73 70 29 32 63 24 22 81 55 86 25 78 52 93 23 85 89 59 13 15 21 30 98 95 63 95 77 74 72 40 21
90 37 53 44 99 69 33 57 78 42 46 10 58 42 26 71 17 85 93 30 36 76 63 98 14 67 48 55 75 46 10 63 80 86 55 11 23 30 80 42 53 26 40 25 27 57 62 84 85 72 93 71 21 54 47 61 69 43 14 63 17 69 42 41 55 25 71 66 11 80 77 51 86 33 17 91 97 66 29 43 72 56 31 18 14 91 80 84 32 92 16 55 78 48 33 75 76 77 51 79 23 67 49 62 35 23 77 76 91 18 22 44 22 66 48 18 45 90 20 51 40 43 30 97 21 14 18 27 70 20 15 39 41 62 16 44 24 98 32 87 51 60 100 13 57 84 25 29 80 90 42 73 35 29 18 15 15 71 88 76 11 13 29 57 32 83 78 85 53 42 90 25 84 86 24 70 78 34 62 67 75 37 23 58 95 63 24 75 20 90 61 91 34 25 42 54 82 70 38 81
37 37 79 100 53 87 47 37 23 33 52 90 90 38 49 63 34 40 26 70 88 54 26 39 11 69 28 96 73 84 93 32 66 92 61 43 24 62 58 56 53 59 90 38 98 30 69 91 96 41 36 86 58 17 44 55 16 12 92 27 74 48 62 17 11 15 46 55 64 81 96 17 82 82 25 23 87 90 84 73 87 88 64 91 18 47 63 87 61 53 60 59 99 55 72 19 12 40 53 55 14 60 98 36 85 12 14 92 94 31 87 26 17 21 10 92 99 86 72 27 66 61 31 12 37 74 55 27 100 30 60 32 53 93 23 44 36 66 48 38 32 34 59 42 74 26 26 48 89 96 62 76 48 33 100 80 34 93 24 28 37 24 100 23 14 66 69 74 96 20 36 43 10 15 56 62 43 63 25 41 61 36 46 28 96 87 73 45 12 89 13 90 99 87 79 20 59 86 31 28
23 45 68 85 53 15 93 55 13 46 93 35 47 24 56 52 23 35 82 92 79 41 43 89 25 80 34 56 20 32 78 92 71 67 89 93 62 42 58 10 86 85 50 100 62 36 31 98 58 26 76 19 53 92 88 71 81 60 94 97 37 19 83 73 60 36 11 99 86 24 99 58 38 82 49 23 86 15 41 88 39 47 71 67 40 63 30 71 66 51 37 83 19 64 23 31 76 23 26 66 86 49 38 46 54 57 59 48 64 56 66 80 93 10 86 69 39 16 86 79 92 31 54 73 52 59 43 41 55 29 64 72 57 12 64 11 63 58 60 26 25 37 39 11 95 99 91 63 40 12 93 40 99 29 71 75 44 85 24 17 92 70 88 51 67 100 90 61 35 57 46 87 29 62 42 99 61 47 40 99 87 88 58 28 32 56 34 28 100 93 11 42 43 22 59 35 43 54 80 44
97 21 87 100 11 29 50 83 65 26 76 64 47 82 43 54 95 73 17 86 83 26 88 67 70 71 22 28 60 21 75 40 29 62 52 73 26 80 70 49 28 60 43 34 18 17 90 29 97 80 79 55 72 80 100 66 28 76 65 95 53 58 66 83 90 52 90 32 53 16 79 59 46 74 68 39 93 25 90 99 48 19 48 66 22 98 10 87 18 16 34 41 37 56 16 30 82 97 20 51 73 55 79 57 90 85 53 94 74 25 49 50 38 36 75 46 65 64 44 68 73 66 32 38 20 81 12 10 86 37 73 70 99 72 12 97 68 86 27 57 21 15 32 23 78 61 96 24 34 54 40 32 20 65 97 14 10 53 28 71 34 76 70 26 71 86 71 19 27 67 61 77 44 63 17 13 97 60 94 67 44 27 33 90 100 21 40 76 83 97 11 100 83 36 25 28 62 11 100 90
56 46 73 30 58 39 67 82 26 12 92 61 77 21 31 97 42 60 41 18 27 19 43 36 60 26 17 51 61 17 66 85 70 24 74 53 38 72 67 90 58 90 96 42 20 10 15 54 89 32 15 48 92 56 57 88 62 23 65 58 55 33 70 10 65 79 82 92 84 62 19 61 58 12 68 12 58 42 44 90 88 25 39 42 73 91 30 58 75 37 90 63 24 69 44 42 68 83 27 89 87 89 38 73 90 43 88 14 66 94 86 30 99 86 88 97 62 29 54 67 30 92 47 54 34 47 13 33 89 40 74 47 96 83 92 24 72 68 44 79 31 54 62 43 68 75 66 18 53 51 82 96 28 20 90 32 93 21 17 62 84 66 80 17 41 26 20 88 18 95 56 25 64 17 12 28 85 31 34 24 23 100 20 67 75 69 40 24 51 59 80 14 76 51 78 43 28 41 11 25
