30 20
86 11 27 60 51 94 22 93 61 78 65 85 10 47 56 75 32 80 100 76 28 21 13 58 61 49 52 55 90 98
54 58 47 34 55 48 78 46 57 39 97 42 79 13 72 77 18 42 25 73 19 67 62 90 81 31 35 14 39 55
54 64 49 98 47 53 34 53 75 38 67 97 31 38 20 48 88 44 60 84 70 20 28 89 21 10 78 23 18 38
22 91 95 67 85 20 23 50 29 79 77 76 50 27 89 25 55 77 14 19 34 65 53 53 59 44 79 50 69 58
100 36 47 66 41 38 36 18 71 28 31 88 52 41 91 30 80 41 34 72 31 15 27 53 79 83 46 57 48 10
20 43 93 69 39 41 84 34 32 90 33 64 55 55 31 46 25 16 56 68 32 71 21 63 92 22 51 21 38 83
54 38 10 95 18 100 74 96 100 96 49 95 35 46 37 59 62 72 16 60 33 75 11 61 50 64 59 81 60 57
90 14 62 60 12 43 17 97 35 17 35 60 80 53 49 51 20 61 23 48 39 81 77 35 52 34 16 16 72 17
12 43 28 31 43 29 36 22 27 79 49 23 71 54 23 60 100 81 31 26 33 54 74 73 16 15 36 13 20 41
60 15 11 23 61 19 49 13 28 56 14 76 43 96 94 65 45 58 86 57 27 97 45 78 76 26 83 60 52 88
15 84 86 67 48 58 49 95 84 27 82 92 50 58 17 57 97 64 29 54 48 94 76 39 80 98 94 13 46 93
75 20 15 81 41 81 86 43 94 98 28 26 45 95 99 43 91 56 34 87 82 31 12 56 86 97 40 79 99 26
85 76 79 33 67 87 72 69 65 62 74 19 32 99 67 63 73 97 51 66 25 75 39 94 91 96 20 79 31 50
64 81 15 70 65 11 14 54 99 12 99 55 58 55 56 55 35 55 64 60 38 84 46 32 79 66 78 25 34 96
49 49 29 19 25 84 16 84 14 95 95 21 70 42 85 88 73 65 32 20 37 88 40 93 26 86 33 96 13 39
11 84 93 80 85 89 83 50 46 100 52 94 70 11 77 34 78 91 58 10 64 89 25 64 25 98 45 96 46 56
48 35 24 13 58 75 26 56 95 57 49 22 84 78 43 16 82 77 89 44 28 34 24 97 59 66 97 57 80 80
92 99 91 75 88 87 55 40 83 51 42 66 98 91 31 41 25 69 38 43 67 54 17 12 100 40 42 49 95 69
40 60 68 92 10 35 32 87 43 14 13 20 50 75 44 34 71 85 30 62 72 74 64 73 86 15 53 72 46 81
46 33 77 99 61 47 45 32 62 47 43 23 76 85 19 80 93 92 69 37 34 31 88 33 16 66 76 26 10 61
